# File generated by CMD 3.5 (http://stev.oapd.inaf.it/cmd) on Mon Oct 11 13:38:36 CEST 2021
# isochrones based on PARSEC release v1.2S +  COLIBRI S_37 + S_35 + PR16
# Basic references: Bressan et al. (2012), MNRAS, 427, 127 + Chen et al. (2014, 2015), MNRAS, 444, 2525 + MNRAS, 452, 1068 + Tang et al. (2014), MNRAS, 445, 4287 + Marigo et al. (2017), ApJ, 835, 77 + Pastorelli al. (2019), MNRAS, 485, 5666 + Pastorelli al. (2020), MNRAS, in press
# Thermal pulse cycles included 
# On RGB, assumed Reimers mass loss with efficiency eta=0.2
# LPV periods and growth rates added cf. Trabucchi et al. (2019)
# Photometric system: Gaia DR2 + Tycho2 + 2MASS (all Vegamags, Gaia passbands from Weiler 2018)
# Using YBC version of bolometric corrections as in Chen et al. (2019)
# O-rich circumstellar dpmod60alox40 dust from Groenewegen (2006)
# C-rich circumstellar AMCSIC15 dust from Groenewegen (2006)
# IMF: Kroupa (2001, 2002) + Kroupa et al. (2013) canonical two-part-power law IMF corrected for unresolved binaries 
# Kind of output: isochrone tables
# Zini     MH   logAge Mini        int_IMF         Mass   logL    logTe  logg  label   McoreTP C_O  period0  period1  period2  period3  period4  pmode  Mloss  tau1m   X   Y   Xc  Xn  Xo  Cexcess  Z 	 mbolmag  Gmag    G_BPbrmag  G_BPftmag  G_RPmag  B_Tmag  V_Tmag  Jmag    Hmag    Ksmag
0.0056 -0.43462 10.11394 0.0900000036 1.0816895962    0.090 -3.337  3.4005  5.283    1  0.000  0.545     0.00     0.00     0.00     0.00     0.00 -1 -4.41e-17      0.00 7.340e-01 2.604e-01 1.018e-03 2.746e-04 2.490e-03 -1.000 5.660e-03 13.112 14.873 17.887 17.903 13.400 20.458 17.924 10.922 10.444 10.235
0.0056 -0.43462 10.11394 0.1000000015 1.1711064577    0.100 -3.129  3.4307  5.242    1  0.000  0.545     0.00     0.00     0.00     0.00     0.00 -1 -7.08e-17      0.00 7.331e-01 2.612e-01 1.018e-03 2.746e-04 2.490e-03 -1.000 5.660e-03 12.592 14.208 16.915 16.935 12.774 19.322 16.942 10.444 9.949 9.724
0.0056 -0.43462 10.11394 0.1168211922 1.2979969978    0.117 -2.903  3.4578  5.191    1  0.000  0.545     0.00     0.00     0.00     0.00     0.00 -1 -1.17e-16      0.00 7.319e-01 2.625e-01 1.018e-03 2.746e-04 2.490e-03 -1.000 5.660e-03 12.027 13.369 15.569 15.594 12.013 17.712 15.575 9.955 9.432 9.195
0.0056 -0.43462 10.11394 0.1199999973 1.3193154335    0.120 -2.864  3.4625  5.182    1  0.000  0.545     0.00     0.00     0.00     0.00     0.00 -1 -1.27e-16      0.00 7.317e-01 2.627e-01 1.018e-03 2.746e-04 2.490e-03 -1.000 5.660e-03 11.929 13.224 15.340 15.366 11.885 17.445 15.344 9.871 9.344 9.106
0.0056 -0.43462 10.11394 0.1400000006 1.4384527206    0.140 -2.678  3.4820  5.142    1  0.000  0.545     0.00     0.00     0.00     0.00     0.00 -1 -1.19e-16      0.00 7.304e-01 2.640e-01 1.018e-03 2.746e-04 2.490e-03 -1.000 5.660e-03 11.464 12.570 14.360 14.389 11.299 16.319 14.355 9.463 8.922 8.684
0.0056 -0.43462 10.11394 0.1599999964 1.5372931957    0.160 -2.534  3.4953  5.109    1  0.000  0.545     0.00     0.00     0.00     0.00     0.00 -1 -2.56e-16      0.00 7.293e-01 2.651e-01 1.018e-03 2.746e-04 2.490e-03 -1.000 5.660e-03 11.105 12.088 13.683 13.714 10.867 15.560 13.674 9.143 8.595 8.359
0.0056 -0.43462 10.11394 0.1999999881 1.6938791275    0.200 -2.309  3.5133  5.053    1  0.000  0.545     0.00     0.00     0.00     0.00     0.00 -1 -2.02e-16      0.00 7.276e-01 2.668e-01 1.018e-03 2.746e-04 2.490e-03 -1.000 5.660e-03 10.542 11.376 12.758 12.792 10.221 14.531 12.744 8.631 8.076 7.845
0.0056 -0.43462 10.11394 0.2500000000 1.8403258324    0.250 -2.095  3.5276  4.994    1  0.000  0.545     0.00     0.00     0.00     0.00     0.00 -1 -4.74e-18      0.00 7.268e-01 2.676e-01 1.018e-03 2.746e-04 2.490e-03 -1.000 5.660e-03 10.008 10.738 11.985 12.020 9.632 13.679 11.967 8.137 7.575 7.349
0.0056 -0.43462 10.11394 0.3000000119 1.9529139996    0.300 -1.932  3.5374  4.949    1  0.000  0.545     0.00     0.00     0.00     0.00     0.00 -1  -5.9e-18      0.00 7.268e-01 2.676e-01 1.018e-03 2.746e-04 2.490e-03 -1.000 5.660e-03 9.600 10.269 11.443 11.479 9.193 13.086 11.424 7.755 7.187 6.965
0.0056 -0.43462 10.11394 0.3499999642 2.0434174538    0.350 -1.791  3.5458  4.908    1  0.000  0.545     0.00     0.00     0.00     0.00     0.00 -1 -4.26e-22      0.00 7.355e-01 2.588e-01 1.018e-03 2.746e-04 2.490e-03 -1.000 5.660e-03 9.247 9.867 10.984 11.020 8.815 12.587 10.963 7.425 6.850 6.632
0.0056 -0.43462 10.11394 0.3999999762 2.1185023785    0.400 -1.638  3.5573  4.859    1  0.000  0.545     0.00     0.00     0.00     0.00     0.00 -1  -1.7e-15      0.00 7.358e-01 2.586e-01 1.018e-03 2.746e-04 2.490e-03 -1.000 5.660e-03 8.864 9.419 10.464 10.501 8.401 12.022 10.441 7.075 6.491 6.276
0.0056 -0.43462 10.11394 0.4499999881 2.1822810173    0.450 -1.468  3.5723  4.801    1  0.000  0.545     0.00     0.00     0.00     0.00     0.00 -1 -2.49e-15      0.00 7.358e-01 2.586e-01 1.018e-03 2.746e-04 2.490e-03 -1.000 5.660e-03 8.441 8.916 9.876 9.913 7.941 11.386 9.849 6.699 6.101 5.892
0.0056 -0.43462 10.11394 0.4999999702 2.2374541759    0.500 -1.285  3.5924  4.744    1  0.000  0.545     0.00     0.00     0.00     0.00     0.00 -1 -3.91e-15      0.00 7.358e-01 2.586e-01 1.018e-03 2.746e-04 2.490e-03 -1.000 5.660e-03 7.983 8.365 9.232 9.270 7.444 10.674 9.199 6.297 5.682 5.490
0.0056 -0.43462 10.11394 0.5432976484 2.2780303955    0.543 -1.102  3.6167  4.693    1  0.000  0.544     0.00     0.00     0.00     0.00     0.00 -1 -6.07e-15      0.00 7.649e-01 2.301e-01 9.140e-04 2.468e-04 2.239e-03 -1.000 5.085e-03 7.524 7.814 8.583 8.622 6.953 9.920 8.542 5.898 5.257 5.102
0.0056 -0.43462 10.11394 0.5500000119 2.2836582661    0.550 -1.075  3.6202  4.686    1  0.000  0.544     0.00     0.00     0.00     0.00     0.00 -1 -6.48e-15      0.00 7.690e-01 2.260e-01 8.992e-04 2.428e-04 2.203e-03 -1.000 5.002e-03 7.457 7.734 8.489 8.528 6.882 9.809 8.447 5.840 5.195 5.046
0.0056 -0.43462 10.11394 0.5999999642 2.3211214542    0.600 -0.873  3.6529  4.653    1  0.000  0.544     0.00     0.00     0.00     0.00     0.00 -1 -1.02e-14      0.00 7.740e-01 2.210e-01 8.828e-04 2.384e-04 2.164e-03 -1.000 4.926e-03 6.953 7.101 7.721 7.759 6.343 8.849 7.663 5.420 4.803 4.697
0.0056 -0.43462 10.11394 0.6095100641 2.3274514675    0.609 -0.833  3.6597  4.647    1  0.000  0.544     0.00     0.00     0.00     0.00     0.00 -1 -1.12e-14      0.00 7.749e-01 2.201e-01 8.798e-04 2.376e-04 2.157e-03 -1.000 4.911e-03 6.854 6.974 7.565 7.603 6.237 8.647 7.504 5.341 4.740 4.640
0.0056 -0.43462 10.11394 0.6499999166 2.3520352840    0.650 -0.670  3.6879  4.624    1  0.000  0.544     0.00     0.00     0.00     0.00     0.00 -1 -1.62e-14      0.00 7.788e-01 2.164e-01 8.673e-04 2.343e-04 2.127e-03 -1.000 4.844e-03 6.444 6.468 6.966 7.002 5.807 7.877 6.891 5.022 4.504 4.422
0.0056 -0.43462 10.11394 0.6567957997 2.3558213711    0.657 -0.643  3.6921  4.618    1  0.000  0.544     0.00     0.00     0.00     0.00     0.00 -1 -1.73e-14      0.00 7.796e-01 2.156e-01 8.645e-04 2.335e-04 2.120e-03 -1.000 4.815e-03 6.377 6.389 6.875 6.910 5.738 7.763 6.798 4.969 4.464 4.384
0.0056 -0.43462 10.11394 0.6707172394 2.3633022308    0.671 -0.587  3.7007  4.606    1  0.000  0.543     0.00     0.00     0.00     0.00     0.00 -1 -1.31e-14      0.00 7.813e-01 2.139e-01 8.588e-04 2.320e-04 2.107e-03 -1.000 4.810e-03 6.238 6.228 6.690 6.724 5.598 7.533 6.611 4.860 4.381 4.305
0.0056 -0.43462 10.11394 0.6837052703 2.3699667454    0.684 -0.535  3.7085  4.594    1  0.000  0.543     0.00     0.00     0.00     0.00     0.00 -1 -1.86e-18      0.00 7.829e-01 2.123e-01 8.534e-04 2.306e-04 2.094e-03 -1.000 4.780e-03 6.108 6.081 6.522 6.555 5.469 7.325 6.441 4.759 4.302 4.230
0.0056 -0.43462 10.11394 0.6958596110 2.3759448528    0.696 -0.486  3.7158  4.582    1  0.000  0.543     0.00     0.00     0.00     0.00     0.00 -1 -1.25e-15      0.00 7.844e-01 2.109e-01 8.483e-04 2.293e-04 2.082e-03 -1.000 4.747e-03 5.985 5.944 6.367 6.399 5.349 7.135 6.286 4.665 4.228 4.159
0.0056 -0.43462 10.11394 0.6999999881 2.3779268265    0.700 -0.469  3.7183  4.577    1  0.000  0.543     0.00     0.00     0.00     0.00     0.00 -1 -2.62e-14      0.00 7.849e-01 2.104e-01 8.466e-04 2.288e-04 2.078e-03 -1.000 4.733e-03 5.943 5.897 6.314 6.346 5.309 7.071 6.234 4.632 4.202 4.134
0.0056 -0.43462 10.11394 0.7024855018 2.3791036606    0.702 -0.459  3.7197  4.574    1  0.000  0.543     0.00     0.00     0.00     0.00     0.00 -1 -2.68e-14      0.00 7.852e-01 2.100e-01 8.448e-04 2.285e-04 2.075e-03 -1.000 4.715e-03 5.918 5.869 6.283 6.314 5.284 7.033 6.202 4.612 4.186 4.119
0.0056 -0.43462 10.11394 0.7127606869 2.3838691711    0.713 -0.417  3.7256  4.562    1  0.000  0.541     0.00     0.00     0.00     0.00     0.00 -1 -2.98e-14      0.00 7.867e-01 2.086e-01 8.376e-04 2.271e-04 2.064e-03 -1.000 4.669e-03 5.812 5.754 6.154 6.184 5.181 6.877 6.074 4.530 4.120 4.055
0.0056 -0.43462 10.11394 0.7228153348 2.3883819580    0.723 -0.375  3.7312  4.549    1  0.000  0.539     0.00     0.00     0.00     0.00     0.00 -1 -3.31e-14      0.00 7.881e-01 2.072e-01 8.306e-04 2.258e-04 2.053e-03 -1.000 4.676e-03 5.707 5.641 6.027 6.057 5.080 6.725 5.949 4.447 4.052 3.990
0.0056 -0.43462 10.11394 0.7322669625 2.3924942017    0.732 -0.335  3.7364  4.535    1  0.000  0.538     0.00     0.00     0.00     0.00     0.00 -1 -7.76e-19      0.00 7.895e-01 2.059e-01 8.241e-04 2.246e-04 2.042e-03 -1.000 4.644e-03 5.607 5.535 5.910 5.939 4.985 6.583 5.832 4.369 3.987 3.927
0.0056 -0.43462 10.11394 0.7451648712 2.3979127407    0.745 -0.279  3.7432  4.515    1  0.000  0.536     0.00     0.00     0.00     0.00     0.00 -1 -1.95e-15      0.00 7.913e-01 2.041e-01 8.154e-04 2.229e-04 2.028e-03 -1.000 4.625e-03 5.469 5.389 5.749 5.776 4.855 6.392 5.673 4.260 3.894 3.837
0.0056 -0.43462 10.11394 0.7496132851 2.3997321129    0.749 -0.260  3.7455  4.507    1  0.000  0.535     0.00     0.00     0.00     0.00     0.00 -1 -3.56e-14      0.00 7.919e-01 2.035e-01 8.124e-04 2.224e-04 2.024e-03 -1.000 4.598e-03 5.420 5.338 5.693 5.721 4.809 6.327 5.619 4.222 3.861 3.805
0.0056 -0.43462 10.11394 0.7528572083 2.4010431767    0.752 -0.246  3.7470  4.501    1  0.000  0.535     0.00     0.00     0.00     0.00     0.00 -1  -3.5e-14      0.00 7.926e-01 2.029e-01 8.104e-04 2.219e-04 2.019e-03 -1.000 4.578e-03 5.385 5.302 5.654 5.681 4.776 6.281 5.579 4.193 3.836 3.781
0.0056 -0.43462 10.11394 0.7652453780 2.4059324265    0.765 -0.191  3.7525  4.474    1  0.000  0.535     0.00     0.00     0.00     0.00     0.00 -1 -4.37e-14      0.00 7.949e-01 2.006e-01 8.028e-04 2.198e-04 2.000e-03 -1.000 4.535e-03 5.247 5.160 5.500 5.526 4.646 6.104 5.428 4.079 3.735 3.682
0.0056 -0.43462 10.11394 0.7765977383 2.4102559090    0.776 -0.138  3.7572  4.447    1  0.000  0.535     0.00     0.00     0.00     0.00     0.00 -1 -3.54e-20      0.00 7.970e-01 1.985e-01 7.957e-04 2.179e-04 1.983e-03 -1.000 4.526e-03 5.116 5.026 5.356 5.381 4.523 5.940 5.286 3.970 3.636 3.586
0.0056 -0.43462 10.11394 0.7869826555 2.4140853882    0.786 -0.088  3.7613  4.419    1  0.000  0.535     0.00     0.00     0.00     0.00     0.00 -1 -2.96e-17      0.00 7.990e-01 1.965e-01 7.892e-04 2.161e-04 1.968e-03 -1.000 4.495e-03 4.991 4.899 5.220 5.245 4.405 5.786 5.152 3.864 3.539 3.490
0.0056 -0.43462 10.11394 0.7966982126 2.4175643921    0.796 -0.040  3.7649  4.390    1  0.000  0.535     0.00     0.00     0.00     0.00     0.00 -1 -1.09e-14      0.00 8.009e-01 1.947e-01 7.831e-04 2.145e-04 1.953e-03 -1.000 4.472e-03 4.869 4.776 5.089 5.113 4.289 5.639 5.023 3.758 3.441 3.394
0.0056 -0.43462 10.11394 0.7992265821 2.4184536934    0.798 -0.027  3.7658  4.382    1  0.000  0.535     0.00     0.00     0.00     0.00     0.00 -1 -5.26e-14      0.00 8.014e-01 1.942e-01 7.815e-04 2.141e-04 1.949e-03 -1.000 4.453e-03 4.836 4.743 5.054 5.078 4.259 5.600 4.989 3.730 3.414 3.368
0.0056 -0.43462 10.11394 0.8007743359 2.4189951420    0.800 -0.018  3.7663  4.377    1  0.000  0.535     0.00     0.00     0.00     0.00     0.00 -1 -4.85e-14      0.00 8.017e-01 1.938e-01 7.803e-04 2.138e-04 1.946e-03 -1.000 4.438e-03 4.816 4.723 5.033 5.057 4.239 5.577 4.968 3.712 3.397 3.351
0.0056 -0.43462 10.11394 0.8081027865 2.4215257168    0.807  0.021  3.7684  4.350    1  0.000  0.534     0.00     0.00     0.00     0.00     0.00 -1 -5.96e-14      0.00 8.035e-01 1.921e-01 7.744e-04 2.122e-04 1.933e-03 -1.000 4.410e-03 4.719 4.624 4.930 4.953 4.146 5.464 4.866 3.625 3.315 3.270
0.0056 -0.43462 10.11394 0.8151258230 2.4239017963    0.814  0.058  3.7701  4.323    1  0.000  0.534     0.00     0.00     0.00     0.00     0.00 -1 -7.27e-14      0.00 8.052e-01 1.904e-01 7.689e-04 2.107e-04 1.919e-03 -1.000 4.365e-03 4.624 4.529 4.831 4.854 4.055 5.357 4.768 3.539 3.232 3.188
0.0056 -0.43462 10.11394 0.8249770403 2.4271564484    0.824  0.114  3.7720  4.280    1  0.000  0.534     0.00     0.00     0.00     0.00     0.00 -1 -9.73e-14      0.00 8.063e-01 1.894e-01 7.657e-04 2.099e-04 1.912e-03 -1.000 4.348e-03 4.485 4.389 4.687 4.710 3.920 5.203 4.625 3.409 3.107 3.064
0.0056 -0.43462 10.11394 0.8283683658 2.4282562733    0.827  0.134  3.7726  4.264    1  0.000  0.534     0.00     0.00     0.00     0.00     0.00 -1 -1.96e-19      0.00 8.063e-01 1.894e-01 7.659e-04 2.099e-04 1.912e-03 -1.000 4.368e-03 4.435 4.339 4.636 4.658 3.871 5.149 4.574 3.362 3.061 3.018
0.0056 -0.43462 10.11394 0.8363852501 2.4308154583    0.835  0.185  3.7727  4.217    1  0.000  0.534     0.00     0.00     0.00     0.00     0.00 -1 -4.55e-17      0.00 8.056e-01 1.900e-01 7.688e-04 2.107e-04 1.919e-03 -1.000 4.400e-03 4.307 4.212 4.507 4.530 3.745 5.019 4.446 3.235 2.934 2.892
0.0056 -0.43462 10.11394 0.8447170258 2.4334161282    0.843  0.242  3.7713  4.159    1  0.000  0.534     0.00     0.00     0.00     0.00     0.00 -1 -1.32e-14      0.00 8.035e-01 1.920e-01 7.784e-04 2.133e-04 1.944e-03 -1.000 4.406e-03 4.165 4.070 4.368 4.391 3.600 4.883 4.306 3.087 2.783 2.739
0.0056 -0.43462 10.11394 0.8485962152 2.4346070290    0.847  0.270  3.7701  4.129    1  0.000  0.534     0.00     0.00     0.00     0.00     0.00 -1 -1.86e-13      0.00 8.018e-01 1.938e-01 7.863e-04 2.155e-04 1.964e-03 -1.000 4.411e-03 4.096 4.002 4.302 4.324 3.530 4.821 4.239 3.012 2.705 2.662
0.0056 -0.43462 10.11394 0.8488398790 2.4346814156    0.847  0.271  3.7699  4.126    1  0.000  0.534     0.00     0.00     0.00     0.00     0.00 -1 -2.19e-13      0.00 8.014e-01 1.942e-01 7.877e-04 2.159e-04 1.967e-03 -1.000 4.420e-03 4.091 3.997 4.297 4.320 3.525 4.818 4.234 3.007 2.699 2.655
0.0056 -0.43462 10.11394 0.8535698652 2.4361155033    0.852  0.309  3.7658  4.075    2  0.000  0.534     0.00     0.00     0.00     0.00     0.00 -1 -2.51e-13      0.00 7.947e-01 2.007e-01 8.142e-04 2.232e-04 2.033e-03 -1.000 4.596e-03 3.998 3.906 4.214 4.237 3.425 4.749 4.149 2.895 2.579 2.533
0.0056 -0.43462 10.11394 0.8581964374 2.4375007153    0.857  0.346  3.7584  4.010    2  0.000  0.534     0.00     0.00     0.00     0.00     0.00 -1 -1.42e-13      0.00 7.829e-01 2.123e-01 8.560e-04 2.346e-04 2.137e-03 -1.000 4.858e-03 3.906 3.817 4.140 4.164 3.321 4.703 4.071 2.769 2.437 2.388
0.0056 -0.43462 10.11394 0.8612123728 2.4383945465    0.860  0.368  3.7489  3.952    2  0.000  0.535     0.00     0.00     0.00     0.00     0.00 -1 -1.66e-13      0.00 7.722e-01 2.227e-01 8.906e-04 2.439e-04 2.220e-03 -1.000 5.028e-03 3.849 3.768 4.110 4.136 3.252 4.710 4.037 2.671 2.317 2.263
0.0056 -0.43462 10.11394 0.8631244898 2.4389576912    0.861  0.383  3.7394  3.900    2  0.000  0.536     0.00     0.00     0.00     0.00     0.00 -1 -1.88e-13      0.00 7.650e-01 2.299e-01 9.129e-04 2.498e-04 2.273e-03 -1.000 5.131e-03 3.814 3.742 4.104 4.131 3.206 4.741 4.028 2.595 2.219 2.160
0.0056 -0.43462 10.11394 0.8647710681 2.4394400120    0.863  0.400  3.7291  3.843    2  0.000  0.536     0.00     0.00     0.00     0.00     0.00 -1 -2.15e-13      0.00 7.590e-01 2.358e-01 9.308e-04 2.546e-04 2.315e-03 -1.000 5.230e-03 3.770 3.713 4.096 4.124 3.155 4.776 4.016 2.510 2.106 2.044
0.0056 -0.43462 10.11394 0.8660788536 2.4398217201    0.864  0.427  3.7210  3.783    2  0.000  0.536     0.00     0.00     0.00     0.00     0.00 -1  -2.5e-13      0.00 7.547e-01 2.400e-01 9.429e-04 2.578e-04 2.344e-03 -1.000 5.324e-03 3.702 3.658 4.057 4.087 3.083 4.772 3.975 2.410 1.984 1.918
0.0056 -0.43462 10.11394 0.8671506643 2.4401335716    0.865  0.463  3.7156  3.726    2  0.000  0.537     0.00     0.00     0.00     0.00     0.00 -1 -2.95e-13      0.00 7.514e-01 2.432e-01 9.517e-04 2.602e-04 2.365e-03 -1.000 5.381e-03 3.612 3.578 3.990 4.020 2.992 4.727 3.907 2.301 1.858 1.791
0.0056 -0.43462 10.11394 0.8676722646 2.4402852058    0.866  0.485  3.7134  3.696    2  0.000  0.537     0.00     0.00     0.00     0.00     0.00 -1 -3.25e-13      0.00 7.498e-01 2.448e-01 9.555e-04 2.611e-04 2.373e-03 -1.000 5.409e-03 3.558 3.528 3.944 3.975 2.938 4.690 3.861 2.238 1.790 1.721
0.0056 -0.43462 10.11394 0.8683119416 2.4404704571    0.866  0.516  3.7113  3.656    3  0.000  0.537     0.00     0.00     0.00     0.00     0.00 -1 -3.69e-13      0.00 7.477e-01 2.468e-01 9.594e-04 2.622e-04 2.383e-03 -1.000 5.420e-03 3.479 3.454 3.874 3.905 2.859 4.628 3.790 2.152 1.697 1.627
0.0056 -0.43462 10.11394 0.8691061139 2.4407002926    0.867  0.559  3.7090  3.605    3  0.000  0.537     0.00     0.00     0.00     0.00     0.00 -1 -4.36e-13      0.00 7.452e-01 2.493e-01 9.640e-04 2.635e-04 2.394e-03 -1.000 5.465e-03 3.372 3.351 3.777 3.808 2.752 4.540 3.692 2.036 1.574 1.504
0.0056 -0.43462 10.11394 0.8697847128 2.4408962727    0.868  0.601  3.7074  3.557    3  0.000  0.537     0.00     0.00     0.00     0.00     0.00 -1 -5.12e-13      0.00 7.430e-01 2.516e-01 9.669e-04 2.644e-04 2.402e-03 -1.000 5.438e-03 3.268 3.251 3.680 3.712 2.649 4.449 3.595 1.927 1.460 1.389
0.0056 -0.43462 10.11394 0.8704429269 2.4410860538    0.868  0.644  3.7060  3.509    3  0.000  0.536     0.00     0.00     0.00     0.00     0.00 -1 -6.05e-13      0.00 7.407e-01 2.539e-01 9.685e-04 2.654e-04 2.409e-03 -1.000 5.454e-03 3.160 3.146 3.578 3.610 2.541 4.352 3.493 1.814 1.343 1.272
0.0056 -0.43462 10.11394 0.8710061908 2.4412481785    0.869  0.684  3.7049  3.464    3  0.000  0.535     0.00     0.00     0.00     0.00     0.00 -1 -7.05e-13      0.00 7.386e-01 2.559e-01 9.683e-04 2.667e-04 2.414e-03 -1.000 5.474e-03 3.060 3.049 3.483 3.515 2.442 4.262 3.397 1.710 1.236 1.164
0.0056 -0.43462 10.11394 0.8715556860 2.4414060116    0.869  0.726  3.7038  3.418    3  0.000  0.532     0.00     0.00     0.00     0.00     0.00 -1 -8.26e-13      0.00 7.365e-01 2.580e-01 9.650e-04 2.697e-04 2.418e-03 -1.000 5.475e-03 2.955 2.946 3.383 3.415 2.337 4.166 3.296 1.601 1.123 1.051
0.0056 -0.43462 10.11394 0.8720846772 2.4415578842    0.870  0.769  3.7027  3.371    3  0.000  0.528     0.00     0.00     0.00     0.00     0.00 -1  -9.7e-13      0.00 7.344e-01 2.601e-01 9.590e-04 2.750e-04 2.422e-03 -1.000 5.478e-03 2.847 2.841 3.280 3.312 2.229 4.067 3.193 1.489 1.008 0.936
0.0056 -0.43462 10.11394 0.8725405335 2.4416885376    0.870  0.809  3.7017  3.327    3  0.000  0.523     0.00     0.00     0.00     0.00     0.00 -1 -1.13e-12      0.00 7.327e-01 2.618e-01 9.510e-04 2.831e-04 2.425e-03 -1.000 5.495e-03 2.747 2.743 3.184 3.216 2.130 3.975 3.097 1.386 0.902 0.829
0.0056 -0.43462 10.11394 0.8730146289 2.4418241978    0.871  0.854  3.7005  3.278    3  0.000  0.517     0.00     0.00     0.00     0.00     0.00 -1 -1.33e-12      0.00 7.310e-01 2.635e-01 9.407e-04 2.950e-04 2.428e-03 -1.000 5.527e-03 2.634 2.633 3.076 3.109 2.017 3.872 2.989 1.269 0.781 0.708
0.0056 -0.43462 10.11394 0.8734243512 2.4419414997    0.871  0.896  3.6994  3.232    3  0.000  0.511     0.00     0.00     0.00     0.00     0.00 -1 -1.56e-12      0.00 7.296e-01 2.648e-01 9.312e-04 3.063e-04 2.429e-03 -1.000 5.532e-03 2.530 2.532 2.977 3.010 1.914 3.778 2.890 1.161 0.670 0.596
0.0056 -0.43462 10.11394 0.8737834096 2.4420440197    0.871  0.935  3.6982  3.188    3  0.000  0.507     0.00     0.00     0.00     0.00     0.00 -1  -1.8e-12      0.00 7.286e-01 2.658e-01 9.236e-04 3.156e-04 2.431e-03 -1.000 5.546e-03 2.432 2.436 2.884 2.917 1.815 3.690 2.796 1.058 0.563 0.489
0.0056 -0.43462 10.11394 0.8741303682 2.4421429634    0.872  0.976  3.6970  3.142    3  0.000  0.503     0.00     0.00     0.00     0.00     0.00 -1  -2.1e-12      0.00 7.277e-01 2.668e-01 9.165e-04 3.245e-04 2.432e-03 -1.000 5.531e-03 2.329 2.337 2.788 2.821 1.713 3.600 2.700 0.951 0.452 0.377
0.0056 -0.43462 10.11394 0.8744536042 2.4422352314    0.872  1.018  3.6957  3.095    3  0.000  0.499     0.00     0.00     0.00     0.00     0.00 -1 -2.45e-12      0.00 7.269e-01 2.675e-01 9.103e-04 3.324e-04 2.433e-03 -1.000 5.561e-03 2.226 2.237 2.692 2.724 1.610 3.510 2.603 0.843 0.340 0.264
0.0056 -0.43462 10.11394 0.8748340011 2.4423434734    0.872  1.071  3.6938  3.035    3  0.000  0.496     0.00     0.00     0.00     0.00     0.00 -1 -2.98e-12      0.00 7.263e-01 2.682e-01 9.054e-04 3.387e-04 2.434e-03 -1.000 5.562e-03 2.092 2.108 2.567 2.600 1.477 3.395 2.478 0.703 0.193 0.117
0.0056 -0.43462 10.11394 0.8750874996 2.4424157143    0.872  1.110  3.6924  2.990    3  0.000  0.494     0.00     0.00     0.00     0.00     0.00 -1 -3.45e-12      0.00 7.259e-01 2.686e-01 9.025e-04 3.426e-04 2.434e-03 -1.000 5.541e-03 1.994 2.013 2.476 2.510 1.380 3.312 2.386 0.599 0.086 0.009
0.0056 -0.43462 10.11394 0.8753243685 2.4424829483    0.873  1.150  3.6910  2.945    3  0.000  0.493     0.00     0.00     0.00     0.00     0.00 -1 -3.99e-12      0.00 7.256e-01 2.688e-01 9.005e-04 3.452e-04 2.435e-03 -1.000 5.529e-03 1.896 1.919 2.386 2.420 1.282 3.230 2.295 0.496 -0.023 -0.101
0.0056 -0.43462 10.11394 0.8755443096 2.4425456524    0.873  1.189  3.6895  2.900    3  0.000  0.493     0.00     0.00     0.00     0.00     0.00 -1 -4.61e-12      0.00 7.255e-01 2.690e-01 8.994e-04 3.467e-04 2.435e-03 -1.000 5.526e-03 1.798 1.826 2.297 2.330 1.185 3.149 2.206 0.393 -0.131 -0.209
0.0056 -0.43462 10.11394 0.8758056760 2.4426198006    0.873  1.239  3.6874  2.841    3  0.000  0.492     0.00     0.00     0.00     0.00     0.00 -1 -5.56e-12      0.00 7.254e-01 2.691e-01 8.989e-04 3.473e-04 2.435e-03 -1.000 5.530e-03 1.672 1.705 2.181 2.215 1.060 3.044 2.090 0.260 -0.271 -0.350
0.0056 -0.43462 10.11394 0.8760352731 2.4426848888    0.873  1.288  3.6853  2.785    3  0.000  0.492     0.00     0.00     0.00     0.00     0.00 -1 -6.65e-12      0.00 7.254e-01 2.691e-01 8.987e-04 3.476e-04 2.435e-03 -1.000 5.531e-03 1.551 1.590 2.072 2.106 0.940 2.944 1.980 0.132 -0.405 -0.486
0.0056 -0.43462 10.11394 0.8762443662 2.4427442551    0.873  1.336  3.6832  2.728    3  0.000  0.492     0.00     0.00     0.00     0.00     0.00 -1 -7.95e-12      0.00 7.254e-01 2.691e-01 8.986e-04 3.477e-04 2.435e-03 -1.000 5.531e-03 1.430 1.476 1.963 1.997 0.822 2.846 1.871 0.004 -0.539 -0.621
0.0056 -0.43462 10.11394 0.8764374852 2.4427990913    0.873  1.385  3.6810  2.670    3  0.000  0.492     0.00     0.00     0.00     0.00     0.00 -1 -9.52e-12      0.00 7.254e-01 2.691e-01 8.985e-04 3.479e-04 2.435e-03 -1.000 5.531e-03 1.309 1.361 1.853 1.888 0.702 2.748 1.761 -0.125 -0.676 -0.758
0.0056 -0.43462 10.11394 0.8766064048 2.4428470135    0.873  1.431  3.6788  2.616    3  0.000  0.492     0.00     0.00     0.00     0.00     0.00 -1 -1.13e-11      0.00 7.253e-01 2.691e-01 8.984e-04 3.480e-04 2.436e-03 -1.000 5.532e-03 1.194 1.253 1.751 1.786 0.588 2.656 1.658 -0.247 -0.805 -0.889
0.0056 -0.43462 10.11394 0.8767602444 2.4428906441    0.873  1.476  3.6766  2.562    3  0.000  0.492     0.00     0.00     0.00     0.00     0.00 -1 -1.34e-11      0.00 7.253e-01 2.691e-01 8.983e-04 3.481e-04 2.436e-03 -1.000 5.532e-03 1.081 1.147 1.651 1.686 0.478 2.568 1.558 -0.366 -0.932 -1.017
0.0056 -0.43462 10.11394 0.8768975735 2.4429295063    0.873  1.519  3.6744  2.510    3  0.000  0.492     0.00     0.00     0.00     0.00     0.00 -1 -1.57e-11      0.00 7.253e-01 2.691e-01 8.982e-04 3.483e-04 2.436e-03 -1.000 5.532e-03 0.973 1.047 1.556 1.592 0.373 2.484 1.463 -0.480 -1.053 -1.139
0.0056 -0.43462 10.11394 0.8770294785 2.4429666996    0.873  1.561  3.6722  2.459    3  0.000  0.492     0.00     0.00     0.00     0.00     0.00 -1 -1.83e-11      0.00 7.253e-01 2.692e-01 8.982e-04 3.484e-04 2.436e-03 -1.000 5.532e-03 0.867 0.948 1.464 1.499 0.268 2.406 1.370 -0.594 -1.173 -1.261
0.0056 -0.43462 10.11394 0.8771640062 2.4430048466    0.873  1.597  3.6704  2.415    3  0.000  0.492     0.00     0.00     0.00     0.00     0.00 -1  -2.1e-11      0.00 7.253e-01 2.692e-01 8.981e-04 3.485e-04 2.436e-03 -1.000 5.533e-03 0.777 0.863 1.385 1.421 0.179 2.341 1.291 -0.690 -1.275 -1.364
0.0056 -0.43462 10.11394 0.8772990704 2.4430429935    0.873  1.625  3.6690  2.382    3  0.000  0.492     0.00     0.00     0.00     0.00     0.00 -1 -2.34e-11      0.00 7.253e-01 2.692e-01 8.980e-04 3.486e-04 2.436e-03 -1.000 5.533e-03 0.707 0.798 1.324 1.360 0.110 2.290 1.230 -0.764 -1.354 -1.443
0.0056 -0.43462 10.11394 0.8774338365 2.4430811405    0.873  1.592  3.6715  2.425    3  0.000  0.492     0.00     0.00     0.00     0.00     0.00 -1  -2.1e-11      0.00 7.253e-01 2.692e-01 8.979e-04 3.487e-04 2.436e-03 -1.000 5.533e-03 0.790 0.872 1.391 1.427 0.191 2.340 1.297 -0.674 -1.256 -1.343
0.0056 -0.43462 10.11394 0.8774732351 2.4430923462    0.873  1.582  3.6722  2.438    3  0.000  0.492     0.00     0.00     0.00     0.00     0.00 -1 -2.02e-11      0.00 7.253e-01 2.692e-01 8.979e-04 3.487e-04 2.436e-03 -1.000 5.533e-03 0.816 0.896 1.412 1.448 0.216 2.357 1.319 -0.645 -1.224 -1.312
0.0056 -0.43462 10.11394 0.8775953054 2.4431269169    0.873  1.633  3.6694  2.375    3  0.000  0.492     0.00     0.00     0.00     0.00     0.00 -1 -2.41e-11      0.00 7.253e-01 2.692e-01 8.979e-04 3.488e-04 2.436e-03 -1.000 5.534e-03 0.688 0.777 1.302 1.338 0.090 2.266 1.208 -0.783 -1.371 -1.460
0.0056 -0.43462 10.11394 0.8776969910 2.4431555271    0.873  1.679  3.6668  2.319    3  0.000  0.491     0.00     0.00     0.00     0.00     0.00 -1 -2.85e-11      0.00 7.253e-01 2.692e-01 8.978e-04 3.489e-04 2.436e-03 -1.000 5.534e-03 0.573 0.671 1.205 1.241 -0.022 2.187 1.111 -0.905 -1.502 -1.592
0.0056 -0.43462 10.11394 0.8777941465 2.4431829453    0.872  1.725  3.6641  2.262    3  0.000  0.491     0.00     0.00     0.00     0.00     0.00 -1 -3.39e-11      0.00 7.253e-01 2.692e-01 8.978e-04 3.490e-04 2.436e-03 -1.000 5.534e-03 0.457 0.564 1.106 1.143 -0.137 2.108 1.012 -1.031 -1.635 -1.728
0.0056 -0.43462 10.11394 0.8778827786 2.4432079792    0.872  1.771  3.6614  2.205    3  0.000  0.491     0.00     0.00     0.00     0.00     0.00 -1 -4.03e-11      0.00 7.253e-01 2.692e-01 8.977e-04 3.490e-04 2.436e-03 -1.000 5.534e-03 0.342 0.458 1.009 1.047 -0.249 2.031 0.915 -1.154 -1.767 -1.861
0.0056 -0.43462 10.11394 0.8779624104 2.4432306290    0.872  1.816  3.6587  2.149    3  0.000  0.491     0.00     0.00     0.00     0.00     0.00 -1 -4.76e-11      0.00 7.253e-01 2.692e-01 8.977e-04 3.491e-04 2.436e-03 -1.000 5.534e-03 0.230 0.357 0.916 0.954 -0.358 1.958 0.822 -1.274 -1.895 -1.991
0.0056 -0.43462 10.11394 0.8780351281 2.4432511330    0.872  1.860  3.6560  2.094    3  0.000  0.491     0.00     0.00     0.00     0.00     0.00 -1 -5.62e-11      0.00 7.253e-01 2.692e-01 8.976e-04 3.491e-04 2.436e-03 -1.000 5.534e-03 0.120 0.257 0.826 0.864 -0.464 1.888 0.732 -1.392 -2.023 -2.121
0.0056 -0.43462 10.11394 0.8781031370 2.4432702065    0.872  1.905  3.6532  2.038    3  0.000  0.491     0.00     0.00     0.00     0.00     0.00 -1 -6.64e-11      0.00 7.252e-01 2.692e-01 8.976e-04 3.492e-04 2.436e-03 -1.000 5.534e-03 0.008 0.156 0.735 0.773 -0.572 1.818 0.641 -1.512 -2.152 -2.252
0.0056 -0.43462 10.11394 0.8781645894 2.4432876110    0.871  1.948  3.6504  1.983    3  0.000  0.491     0.00     0.00     0.00     0.00     0.00 -1 -7.82e-11      0.00 7.252e-01 2.692e-01 8.976e-04 3.492e-04 2.436e-03 -1.000 5.535e-03 -0.101 0.058 0.646 0.685 -0.678 1.754 0.552 -1.629 -2.277 -2.379
0.0056 -0.43462 10.11394 0.8782218099 2.4433038235    0.871  1.992  3.6475  1.928    3  0.000  0.491     0.00     0.00     0.00     0.00     0.00 -1 -9.22e-11      0.00 7.252e-01 2.692e-01 8.975e-04 3.493e-04 2.436e-03 -1.000 5.535e-03 -0.211 -0.040 0.558 0.598 -0.783 1.699 0.463 -1.746 -2.400 -2.506
0.0056 -0.43462 10.11394 0.8782737851 2.4433183670    0.871  2.035  3.6447  1.873    3  0.000  0.491     0.00     0.00     0.00     0.00     0.00 -1 -1.08e-10      0.00 7.252e-01 2.692e-01 8.975e-04 3.493e-04 2.436e-03 -1.000 5.535e-03 -0.318 -0.135 0.473 0.513 -0.885 1.645 0.377 -1.861 -2.520 -2.630
0.0056 -0.43462 10.11394 0.8783214688 2.4433319569    0.870  2.078  3.6419  1.819    3  0.000  0.491     0.00     0.00     0.00     0.00     0.00 -1 -1.27e-10      0.00 7.252e-01 2.692e-01 8.975e-04 3.494e-04 2.436e-03 -1.000 5.535e-03 -0.425 -0.230 0.388 0.428 -0.987 1.592 0.290 -1.976 -2.640 -2.754
0.0056 -0.43462 10.11394 0.8783647418 2.4433441162    0.870  2.120  3.6390  1.765    3  0.000  0.491     0.00     0.00     0.00     0.00     0.00 -1 -1.49e-10      0.00 7.252e-01 2.692e-01 8.974e-04 3.494e-04 2.436e-03 -1.000 5.535e-03 -0.531 -0.322 0.305 0.346 -1.086 1.542 0.207 -2.088 -2.757 -2.876
0.0056 -0.43462 10.11394 0.8784046173 2.4433553219    0.869  2.162  3.6361  1.712    3  0.000  0.491     0.00     0.00     0.00     0.00     0.00 -1 -1.75e-10      0.00 7.252e-01 2.692e-01 8.974e-04 3.494e-04 2.436e-03 -1.000 5.535e-03 -0.636 -0.412 0.225 0.266 -1.184 1.493 0.125 -2.200 -2.874 -2.997
0.0056 -0.43462 10.11394 0.8784419298 2.4433658123    0.869  2.205  3.6332  1.657    3  0.000  0.491     0.00     0.00     0.00     0.00     0.00 -1 -2.05e-10      0.00 7.252e-01 2.692e-01 8.974e-04 3.495e-04 2.436e-03 -1.000 5.535e-03 -0.742 -0.504 0.144 0.185 -1.282 1.444 0.043 -2.312 -2.991 -3.120
0.0056 -0.43462 10.11394 0.8784753680 2.4433753490    0.868  2.246  3.6303  1.605    3  0.000  0.491     0.00     0.00     0.00     0.00     0.00 -1  -2.4e-10      0.00 7.252e-01 2.692e-01 8.974e-04 3.495e-04 2.436e-03 -1.000 5.535e-03 -0.844 -0.591 0.065 0.107 -1.377 1.397 -0.037 -2.421 -3.105 -3.239
0.0056 -0.43462 10.11394 0.8785069585 2.4433841705    0.868  2.287  3.6274  1.551    3  0.000  0.491     0.00     0.00     0.00     0.00     0.00 -1  -2.8e-10      0.00 7.252e-01 2.692e-01 8.974e-04 3.495e-04 2.436e-03 -1.000 5.535e-03 -0.948 -0.679 -0.012 0.030 -1.471 1.351 -0.115 -2.531 -3.221 -3.360
0.0056 -0.43462 10.11394 0.8785351515 2.4433920383    0.867  2.327  3.6245  1.499    3  0.000  0.491     0.00     0.00     0.00     0.00     0.00 -1 -3.26e-10      0.00 7.252e-01 2.692e-01 8.974e-04 3.495e-04 2.436e-03 -1.000 5.535e-03 -1.048 -0.762 -0.085 -0.043 -1.562 1.308 -0.189 -2.637 -3.332 -3.477
0.0056 -0.43462 10.11394 0.8785616755 2.4433996677    0.866  2.368  3.6215  1.446    3  0.000  0.491     0.00     0.00     0.00     0.00     0.00 -1  -3.8e-10      0.00 7.252e-01 2.692e-01 8.973e-04 3.496e-04 2.436e-03 -1.000 5.535e-03 -1.149 -0.847 -0.158 -0.116 -1.655 1.264 -0.261 -2.745 -3.449 -3.598
0.0056 -0.43462 10.11394 0.8785862923 2.4434065819    0.866  2.408  3.6185  1.393    3  0.000  0.491     0.00     0.00     0.00     0.00     0.00 -1 -4.43e-10      0.00 7.252e-01 2.692e-01 8.973e-04 3.496e-04 2.436e-03 -1.000 5.535e-03 -1.250 -0.930 -0.228 -0.186 -1.747 1.222 -0.330 -2.853 -3.567 -3.719
0.0056 -0.43462 10.11394 0.8786085248 2.4434127808    0.865  2.447  3.6156  1.342    3  0.000  0.491     0.00     0.00     0.00     0.00     0.00 -1 -5.15e-10      0.00 7.252e-01 2.693e-01 8.973e-04 3.496e-04 2.436e-03 -1.000 5.535e-03 -1.348 -1.010 -0.295 -0.253 -1.836 1.183 -0.395 -2.957 -3.680 -3.837
0.0056 -0.43462 10.11394 0.8786299825 2.4434189796    0.864  2.488  3.6126  1.289    3  0.000  0.491     0.00     0.00     0.00     0.00     0.00 -1 -6.01e-10      0.00 7.252e-01 2.693e-01 8.973e-04 3.496e-04 2.436e-03 -1.000 5.536e-03 -1.450 -1.094 -0.365 -0.322 -1.928 1.143 -0.463 -3.066 -3.798 -3.959
0.0056 -0.43462 10.11394 0.8786488175 2.4434242249    0.863  2.527  3.6096  1.238    3  0.000  0.491     0.00     0.00     0.00     0.00     0.00 -1 -6.96e-10      0.00 7.252e-01 2.693e-01 8.973e-04 3.496e-04 2.436e-03 -1.000 5.536e-03 -1.546 -1.171 -0.429 -0.386 -2.014 1.107 -0.525 -3.168 -3.910 -4.075
0.0056 -0.43462 10.11394 0.8786666393 2.4434292316    0.862  2.566  3.6067  1.187    3  0.000  0.491     0.00     0.00     0.00     0.00     0.00 -1 -8.07e-10      0.00 7.252e-01 2.693e-01 8.973e-04 3.496e-04 2.436e-03 -1.000 5.536e-03 -1.644 -1.249 -0.493 -0.450 -2.101 1.072 -0.586 -3.271 -4.023 -4.192
0.0056 -0.43462 10.11394 0.8786831498 2.4434337616    0.861  2.604  3.6037  1.136    3  0.000  0.491     0.00     0.00     0.00     0.00     0.00 -1 -9.35e-10      0.00 7.252e-01 2.693e-01 8.973e-04 3.497e-04 2.436e-03 -1.000 5.536e-03 -1.740 -1.324 -0.553 -0.511 -2.186 1.041 -0.645 -3.373 -4.134 -4.308
0.0056 -0.43462 10.11394 0.8786982894 2.4434380531    0.859  2.642  3.6007  1.085    3  0.000  0.491     0.00     0.00     0.00     0.00     0.00 -1 -1.08e-09      0.00 7.252e-01 2.693e-01 8.973e-04 3.497e-04 2.436e-03 -1.000 5.536e-03 -1.835 -1.399 -0.613 -0.571 -2.270 1.011 -0.703 -3.473 -4.244 -4.423
0.0056 -0.43462 10.11394 0.8787128329 2.4434423447    0.858  2.681  3.5977  1.034    3  0.000  0.491     0.00     0.00     0.00     0.00     0.00 -1 -1.25e-09      0.00 7.252e-01 2.693e-01 8.973e-04 3.497e-04 2.436e-03 -1.000 5.536e-03 -1.931 -1.474 -0.673 -0.630 -2.354 0.979 -0.760 -3.576 -4.356 -4.540
0.0056 -0.43462 10.11394 0.8787288666 2.4434466362    0.856  2.726  3.5939  0.972    3  0.000  0.491     0.00     0.00     0.00     0.00     0.00 -1 -1.49e-09      0.00 7.252e-01 2.693e-01 8.973e-04 3.497e-04 2.436e-03 -1.000 5.536e-03 -2.045 -1.560 -0.738 -0.695 -2.453 0.951 -0.821 -3.697 -4.489 -4.679
0.0056 -0.43462 10.11394 0.8787435889 2.4434509277    0.854  2.771  3.5902  0.911    3  0.000  0.491     0.00     0.00     0.00     0.00     0.00 -1 -1.78e-09      0.00 7.252e-01 2.693e-01 8.972e-04 3.497e-04 2.436e-03 -1.000 5.536e-03 -2.158 -1.644 -0.801 -0.758 -2.550 0.927 -0.881 -3.817 -4.621 -4.817
0.0056 -0.43462 10.11394 0.8787548542 2.4434540272    0.853  2.808  3.5871  0.861    3  0.000  0.491     0.00     0.00     0.00     0.00     0.00 -1 -2.05e-09      0.00 7.252e-01 2.693e-01 8.972e-04 3.497e-04 2.436e-03 -1.000 5.536e-03 -2.251 -1.711 -0.848 -0.806 -2.628 0.907 -0.925 -3.916 -4.728 -4.930
0.0056 -0.43462 10.11394 0.8787677288 2.4434576035    0.850  2.853  3.5833  0.799    3  0.000  0.491     0.00     0.00     0.00     0.00     0.00 -1 -2.44e-09      0.00 7.252e-01 2.693e-01 8.972e-04 3.497e-04 2.436e-03 -1.000 5.536e-03 -2.363 -1.792 -0.903 -0.861 -2.723 0.888 -0.976 -4.036 -4.860 -5.068
0.0056 -0.43462 10.11394 0.8787789941 2.4434609413    0.848  2.896  3.5795  0.741    3  0.000  0.491     0.00     0.00     0.00     0.00     0.00 -1 -2.88e-09      0.00 7.252e-01 2.693e-01 8.972e-04 3.497e-04 2.436e-03 -1.000 5.536e-03 -2.469 -1.865 -0.951 -0.909 -2.810 0.874 -1.020 -4.150 -4.985 -5.199
0.0056 -0.43462 10.11394 0.8787897825 2.4434638023    0.845  2.939  3.5757  0.681    3  0.000  0.491     0.00     0.00     0.00     0.00     0.00 -1 -3.41e-09      0.00 7.252e-01 2.693e-01 8.972e-04 3.497e-04 2.436e-03 -1.000 5.536e-03 -2.577 -1.935 -0.990 -0.949 -2.896 0.862 -1.056 -4.266 -5.111 -5.333
0.0056 -0.43462 10.11394 0.8787994385 2.4434666634    0.842  2.980  3.5719  0.623    3  0.000  0.491     0.00     0.00     0.00     0.00     0.00 -1 -4.01e-09      0.00 7.252e-01 2.693e-01 8.972e-04 3.497e-04 2.436e-03 -1.000 5.536e-03 -2.680 -2.000 -1.026 -0.984 -2.978 0.854 -1.088 -4.376 -5.233 -5.461
0.0056 -0.43462 10.11394 0.8788086772 2.4434692860    0.839  3.022  3.5680  0.564    3  0.000  0.491     0.00     0.00     0.00     0.00     0.00 -1 -4.73e-09      0.00 7.252e-01 2.693e-01 8.972e-04 3.498e-04 2.436e-03 -1.000 5.536e-03 -2.785 -2.064 -1.053 -1.012 -3.059 0.847 -1.112 -4.490 -5.356 -5.591
0.0056 -0.43462 10.11394 0.8788169622 2.4434716702    0.836  3.062  3.5642  0.507    3  0.000  0.491     0.00     0.00     0.00     0.00     0.00 -1 -5.54e-09      0.00 7.252e-01 2.693e-01 8.972e-04 3.498e-04 2.436e-03 -1.000 5.536e-03 -2.884 -2.119 -1.069 -1.028 -3.133 0.846 -1.125 -4.598 -5.474 -5.716
0.0056 -0.43462 10.11394 0.8788247108 2.4434738159    0.832  3.101  3.5604  0.451    3  0.000  0.491     0.00     0.00     0.00     0.00     0.00 -1 -6.48e-09      0.00 7.252e-01 2.693e-01 8.972e-04 3.498e-04 2.436e-03 -1.000 5.536e-03 -2.983 -2.172 -1.080 -1.040 -3.206 0.854 -1.132 -4.706 -5.592 -5.840
0.0056 -0.43462 10.11394 0.8788317442 2.4434757233    0.828  3.139  3.5565  0.395    3  0.000  0.491     0.00     0.00     0.00     0.00     0.00 -1 -7.55e-09      0.00 7.252e-01 2.693e-01 8.972e-04 3.498e-04 2.436e-03 -1.000 5.536e-03 -3.077 -2.214 -1.069 -1.029 -3.271 0.871 -1.119 -4.812 -5.705 -5.960
0.0056 -0.43462 10.11394 0.8788383603 2.4434776306    0.824  3.177  3.5526  0.340    3  0.000  0.491     0.00     0.00     0.00     0.00     0.00 -1 -8.79e-09      0.00 7.252e-01 2.693e-01 8.972e-04 3.498e-04 2.436e-03 -1.000 5.536e-03 -3.171 -2.254 -1.053 -1.014 -3.334 0.890 -1.101 -4.917 -5.818 -6.080
0.0056 -0.43462 10.11394 0.8788444400 2.4434792995    0.819  3.213  3.5487  0.285    3  0.000  0.491     0.00     0.00     0.00     0.00     0.00 -1 -1.02e-08      0.00 7.252e-01 2.693e-01 8.972e-04 3.498e-04 2.436e-03 -1.000 5.536e-03 -3.262 -2.287 -1.025 -0.987 -3.391 0.915 -1.071 -5.019 -5.928 -6.196
0.0056 -0.43462 10.11394 0.8788504004 2.4434809685    0.814  3.250  3.5448  0.229    3  0.000  0.491     0.00     0.00     0.00     0.00     0.00 -1 -1.19e-08      0.00 7.252e-01 2.693e-01 8.972e-04 3.498e-04 2.436e-03 -1.000 5.536e-03 -3.356 -2.316 -0.978 -0.940 -3.445 0.949 -1.023 -5.124 -6.040 -6.316
0.0056 -0.43462 10.11394 0.8788557649 2.4434823990    0.808  3.286  3.5409  0.175    3  0.000  0.491     0.00     0.00     0.00     0.00     0.00 -1 -1.37e-08      0.00 7.252e-01 2.693e-01 8.972e-04 3.498e-04 2.436e-03 -1.000 5.536e-03 -3.444 -2.341 -0.929 -0.892 -3.496 0.984 -0.974 -5.223 -6.147 -6.430
0.0056 -0.43462 10.11394 0.8788608909 2.4434840679    0.802  3.321  3.5371  0.122    3  0.000  0.491     0.00     0.00     0.00     0.00     0.00 -1 -1.59e-08      0.00 7.252e-01 2.693e-01 8.972e-04 3.498e-04 2.436e-03 -1.000 5.536e-03 -3.532 -2.360 -0.864 -0.828 -3.540 1.025 -0.909 -5.323 -6.252 -6.542
0.0056 -0.43462 10.11394 0.8788665533 2.4434854984    0.794  3.360  3.5326  0.060    3  0.000  0.491     0.00     0.00     0.00     0.00     0.00 -1 -1.87e-08      0.00 7.252e-01 2.693e-01 8.972e-04 3.498e-04 2.436e-03 -1.000 5.536e-03 -3.630 -2.375 -0.775 -0.740 -3.586 1.080 -0.820 -5.435 -6.371 -6.669
0.0056 -0.43462 10.11394 0.8788700700 2.4434864521    0.788  3.383  3.5300  0.024    3  0.000  0.491     0.00     0.00     0.00     0.00     0.00 -1 -2.07e-08      0.00 7.252e-01 2.693e-01 8.972e-04 3.498e-04 2.436e-03 -1.000 5.536e-03 -3.687 -2.381 -0.717 -0.683 -3.611 1.116 -0.763 -5.501 -6.441 -6.744
0.0056 -0.43462 10.11394 0.8788700700 2.4434864521    0.787  1.692  3.6978  2.385    4  0.000  0.493     0.00     0.00     0.00     0.00     0.00 -1    -1e-30      0.00 7.253e-01 2.691e-01 9.015e-04 3.471e-04 2.439e-03 -1.000 5.577e-03 0.539 0.544 0.994 1.027 -0.077 1.810 0.900 -0.840 -1.336 -1.410
0.0056 -0.43462 10.11394 0.8789258599 2.4435021877    0.787  1.704  3.6970  2.371    4  0.000  0.493     0.00     0.00     0.00     0.00     0.00 -1    -1e-30      0.00 7.253e-01 2.691e-01 9.015e-04 3.471e-04 2.439e-03 -1.000 5.577e-03 0.511 0.519 0.971 1.004 -0.105 1.792 0.876 -0.871 -1.369 -1.443
0.0056 -0.43462 10.11394 0.8789778948 2.4435169697    0.787  1.707  3.6969  2.367    4  0.000  0.493     0.00     0.00     0.00     0.00     0.00 -1    -1e-30      0.00 7.253e-01 2.691e-01 9.015e-04 3.471e-04 2.439e-03 -1.000 5.577e-03 0.503 0.511 0.964 0.997 -0.113 1.785 0.869 -0.879 -1.378 -1.453
0.0056 -0.43462 10.11394 0.8790305853 2.4435317516    0.788  1.708  3.6970  2.366    4  0.000  0.493     0.00     0.00     0.00     0.00     0.00 -1    -1e-30      0.00 7.253e-01 2.691e-01 9.015e-04 3.471e-04 2.439e-03 -1.000 5.577e-03 0.501 0.508 0.960 0.993 -0.116 1.781 0.866 -0.882 -1.380 -1.454
0.0056 -0.43462 10.11394 0.8790844083 2.4435470104    0.788  1.707  3.6974  2.369    4  0.000  0.493     0.00     0.00     0.00     0.00     0.00 -1    -1e-30      0.00 7.253e-01 2.691e-01 9.015e-04 3.471e-04 2.439e-03 -1.000 5.577e-03 0.502 0.509 0.960 0.993 -0.114 1.779 0.865 -0.879 -1.376 -1.450
0.0056 -0.43462 10.11394 0.8791375160 2.4435617924    0.788  1.705  3.6980  2.373    4  0.000  0.493     0.00     0.00     0.00     0.00     0.00 -1    -1e-30      0.00 7.253e-01 2.691e-01 9.015e-04 3.471e-04 2.439e-03 -1.000 5.577e-03 0.506 0.512 0.961 0.994 -0.110 1.777 0.867 -0.872 -1.368 -1.441
0.0056 -0.43462 10.11394 0.8791925907 2.4435772896    0.788  1.703  3.6986  2.378    4  0.000  0.493     0.00     0.00     0.00     0.00     0.00 -1    -1e-30      0.00 7.253e-01 2.691e-01 9.015e-04 3.471e-04 2.439e-03 -1.000 5.577e-03 0.512 0.516 0.964 0.996 -0.104 1.776 0.869 -0.864 -1.358 -1.431
0.0056 -0.43462 10.11394 0.8792465925 2.4435925484    0.788  1.701  3.6993  2.383    4  0.000  0.493     0.00     0.00     0.00     0.00     0.00 -1    -1e-30      0.00 7.253e-01 2.691e-01 9.015e-04 3.471e-04 2.439e-03 -1.000 5.577e-03 0.518 0.520 0.966 0.999 -0.099 1.775 0.872 -0.856 -1.347 -1.420
0.0056 -0.43462 10.11394 0.8793019056 2.4436080456    0.788  1.698  3.6999  2.388    4  0.000  0.493     0.00     0.00     0.00     0.00     0.00 -1    -1e-30      0.00 7.253e-01 2.691e-01 9.015e-04 3.471e-04 2.439e-03 -1.000 5.577e-03 0.524 0.525 0.969 1.002 -0.092 1.774 0.875 -0.847 -1.337 -1.410
0.0056 -0.43462 10.11394 0.8793529272 2.4436225891    0.788  1.696  3.7005  2.392    4  0.000  0.493     0.00     0.00     0.00     0.00     0.00 -1    -1e-30      0.00 7.253e-01 2.691e-01 9.015e-04 3.471e-04 2.439e-03 -1.000 5.577e-03 0.529 0.528 0.972 1.004 -0.087 1.773 0.878 -0.840 -1.328 -1.401
0.0056 -0.43462 10.11394 0.8794036508 2.4436366558    0.788  1.695  3.7010  2.396    4  0.000  0.493     0.00     0.00     0.00     0.00     0.00 -1    -1e-30      0.00 7.253e-01 2.691e-01 9.015e-04 3.471e-04 2.439e-03 -1.000 5.577e-03 0.534 0.532 0.974 1.006 -0.083 1.773 0.880 -0.834 -1.320 -1.393
0.0056 -0.43462 10.11394 0.8794558048 2.4436514378    0.788  1.693  3.7015  2.400    4  0.000  0.493     0.00     0.00     0.00     0.00     0.00 -1    -1e-30      0.00 7.253e-01 2.691e-01 9.015e-04 3.471e-04 2.439e-03 -1.000 5.577e-03 0.537 0.534 0.975 1.007 -0.079 1.772 0.882 -0.828 -1.313 -1.385
0.0056 -0.43462 10.11394 0.8795125484 2.4436674118    0.788  1.692  3.7020  2.403    4  0.000  0.493     0.00     0.00     0.00     0.00     0.00 -1    -1e-30      0.00 7.253e-01 2.691e-01 9.015e-04 3.471e-04 2.439e-03 -1.000 5.577e-03 0.541 0.537 0.977 1.009 -0.075 1.770 0.883 -0.823 -1.306 -1.378
0.0056 -0.43462 10.11394 0.8795659542 2.4436824322    0.788  1.690  3.7024  2.406    4  0.000  0.493     0.00     0.00     0.00     0.00     0.00 -1    -1e-30      0.00 7.253e-01 2.691e-01 9.015e-04 3.471e-04 2.439e-03 -1.000 5.577e-03 0.544 0.539 0.978 1.010 -0.073 1.769 0.884 -0.819 -1.301 -1.373
0.0056 -0.43462 10.11394 0.8796219826 2.4436981678    0.788  1.689  3.7028  2.408    4  0.000  0.493     0.00     0.00     0.00     0.00     0.00 -1    -1e-30      0.00 7.253e-01 2.691e-01 9.015e-04 3.471e-04 2.439e-03 -1.000 5.577e-03 0.546 0.541 0.978 1.010 -0.070 1.768 0.885 -0.815 -1.296 -1.368
0.0056 -0.43462 10.11394 0.8796271086 2.4436995983    0.788  1.689  3.7028  2.408    4  0.000  0.493     0.00     0.00     0.00     0.00     0.00 -1    -1e-30      0.00 7.253e-01 2.691e-01 9.015e-04 3.471e-04 2.439e-03 -1.000 5.577e-03 0.546 0.541 0.978 1.010 -0.070 1.768 0.885 -0.815 -1.295 -1.367
0.0056 -0.43462 10.11394 0.8796331286 2.4437012672    0.788  1.689  3.7028  2.409    4  0.000  0.493     0.00     0.00     0.00     0.00     0.00 -1    -1e-30      0.00 7.253e-01 2.691e-01 9.015e-04 3.471e-04 2.439e-03 -1.000 5.577e-03 0.547 0.541 0.978 1.010 -0.070 1.768 0.885 -0.814 -1.295 -1.367
0.0056 -0.43462 10.11394 0.8796873093 2.4437165260    0.788  1.689  3.7031  2.410    4  0.000  0.493     0.00     0.00     0.00     0.00     0.00 -1    -1e-30      0.00 7.253e-01 2.691e-01 9.015e-04 3.471e-04 2.439e-03 -1.000 5.577e-03 0.548 0.542 0.978 1.011 -0.068 1.766 0.886 -0.812 -1.292 -1.363
0.0056 -0.43462 10.11394 0.8797436357 2.4437322617    0.788  1.688  3.7034  2.412    4  0.000  0.493     0.00     0.00     0.00     0.00     0.00 -1    -1e-30      0.00 7.253e-01 2.691e-01 9.015e-04 3.471e-04 2.439e-03 -1.000 5.577e-03 0.549 0.542 0.978 1.010 -0.067 1.765 0.886 -0.810 -1.289 -1.360
0.0056 -0.43462 10.11394 0.8797990084 2.4437479973    0.788  1.688  3.7036  2.413    4  0.000  0.493     0.00     0.00     0.00     0.00     0.00 -1    -1e-30      0.00 7.253e-01 2.691e-01 9.015e-04 3.471e-04 2.439e-03 -1.000 5.577e-03 0.549 0.542 0.978 1.010 -0.067 1.763 0.885 -0.809 -1.288 -1.359
0.0056 -0.43462 10.11394 0.8798522949 2.4437627792    0.788  1.689  3.7036  2.413    4  0.000  0.493     0.00     0.00     0.00     0.00     0.00 -1    -1e-30      0.00 7.253e-01 2.691e-01 9.015e-04 3.471e-04 2.439e-03 -1.000 5.577e-03 0.548 0.541 0.976 1.008 -0.068 1.762 0.884 -0.809 -1.288 -1.359
0.0056 -0.43462 10.11394 0.8799070120 2.4437782764    0.789  1.689  3.7037  2.412    4  0.000  0.493     0.00     0.00     0.00     0.00     0.00 -1    -1e-30      0.00 7.253e-01 2.691e-01 9.015e-04 3.471e-04 2.439e-03 -1.000 5.577e-03 0.547 0.539 0.975 1.007 -0.070 1.760 0.882 -0.811 -1.290 -1.361
0.0056 -0.43462 10.11394 0.8799619675 2.4437937737    0.789  1.690  3.7036  2.411    4  0.000  0.493     0.00     0.00     0.00     0.00     0.00 -1    -1e-30      0.00 7.253e-01 2.691e-01 9.015e-04 3.471e-04 2.439e-03 -1.000 5.577e-03 0.544 0.536 0.972 1.004 -0.072 1.757 0.879 -0.814 -1.293 -1.364
0.0056 -0.43462 10.11394 0.8800160289 2.4438087940    0.789  1.692  3.7035  2.409    4  0.000  0.493     0.00     0.00     0.00     0.00     0.00 -1    -1e-30      0.00 7.253e-01 2.691e-01 9.015e-04 3.471e-04 2.439e-03 -1.000 5.577e-03 0.540 0.533 0.969 1.001 -0.076 1.755 0.876 -0.819 -1.297 -1.369
0.0056 -0.43462 10.11394 0.8800216913 2.4438104630    0.789  1.692  3.7034  2.409    4  0.000  0.493     0.00     0.00     0.00     0.00     0.00 -1    -1e-30      0.00 7.253e-01 2.691e-01 9.015e-04 3.471e-04 2.439e-03 -1.000 5.577e-03 0.540 0.532 0.969 1.001 -0.077 1.755 0.876 -0.819 -1.298 -1.369
0.0056 -0.43462 10.11394 0.8800661564 2.4438228607    0.789  1.694  3.7032  2.406    4  0.000  0.493     0.00     0.00     0.00     0.00     0.00 -1    -1e-30      0.00 7.253e-01 2.691e-01 9.015e-04 3.471e-04 2.439e-03 -1.000 5.577e-03 0.535 0.528 0.965 0.997 -0.082 1.752 0.872 -0.825 -1.304 -1.376
0.0056 -0.43462 10.11394 0.8801169991 2.4438371658    0.789  1.696  3.7029  2.402    4  0.000  0.493     0.00     0.00     0.00     0.00     0.00 -1    -1e-30      0.00 7.253e-01 2.691e-01 9.015e-04 3.471e-04 2.439e-03 -1.000 5.577e-03 0.529 0.523 0.960 0.992 -0.088 1.750 0.867 -0.832 -1.312 -1.384
0.0056 -0.43462 10.11394 0.8801679015 2.4438514709    0.789  1.699  3.7025  2.398    4  0.000  0.493     0.00     0.00     0.00     0.00     0.00 -1    -1e-30      0.00 7.253e-01 2.691e-01 9.015e-04 3.471e-04 2.439e-03 -1.000 5.577e-03 0.522 0.516 0.955 0.987 -0.095 1.746 0.861 -0.840 -1.322 -1.394
0.0056 -0.43462 10.11394 0.8802163601 2.4438650608    0.789  1.703  3.7021  2.392    4  0.000  0.493     0.00     0.00     0.00     0.00     0.00 -1    -1e-30      0.00 7.253e-01 2.691e-01 9.015e-04 3.471e-04 2.439e-03 -1.000 5.577e-03 0.513 0.508 0.948 0.980 -0.104 1.742 0.854 -0.851 -1.334 -1.406
0.0056 -0.43462 10.11394 0.8802659512 2.4438791275    0.789  1.707  3.7015  2.386    4  0.000  0.493     0.00     0.00     0.00     0.00     0.00 -1    -1e-30      0.00 7.253e-01 2.691e-01 9.015e-04 3.471e-04 2.439e-03 -1.000 5.577e-03 0.502 0.499 0.940 0.972 -0.115 1.737 0.846 -0.864 -1.348 -1.420
0.0056 -0.43462 10.11394 0.8803156614 2.4438929558    0.789  1.712  3.7009  2.379    4  0.000  0.493     0.00     0.00     0.00     0.00     0.00 -1    -1e-30      0.00 7.253e-01 2.691e-01 9.015e-04 3.471e-04 2.439e-03 -1.000 5.577e-03 0.491 0.489 0.931 0.964 -0.126 1.732 0.837 -0.878 -1.364 -1.436
0.0056 -0.43462 10.11394 0.8803645372 2.4439067841    0.789  1.718  3.7001  2.370    4  0.000  0.493     0.00     0.00     0.00     0.00     0.00 -1    -1e-30      0.00 7.253e-01 2.691e-01 9.015e-04 3.471e-04 2.439e-03 -1.000 5.577e-03 0.475 0.475 0.919 0.952 -0.142 1.725 0.825 -0.896 -1.385 -1.458
0.0056 -0.43462 10.11394 0.8804132342 2.4439203739    0.789  1.725  3.6992  2.359    4  0.000  0.493     0.00     0.00     0.00     0.00     0.00 -1    -1e-30      0.00 7.253e-01 2.691e-01 9.015e-04 3.471e-04 2.439e-03 -1.000 5.577e-03 0.457 0.459 0.906 0.939 -0.160 1.717 0.812 -0.917 -1.409 -1.482
0.0056 -0.43462 10.11394 0.8804638386 2.4439346790    0.789  1.733  3.6982  2.347    4  0.000  0.493     0.00     0.00     0.00     0.00     0.00 -1    -1e-30      0.00 7.253e-01 2.691e-01 9.015e-04 3.471e-04 2.439e-03 -1.000 5.577e-03 0.436 0.441 0.890 0.923 -0.180 1.707 0.796 -0.942 -1.436 -1.510
0.0056 -0.43462 10.11394 0.8805130124 2.4439482689    0.789  1.745  3.6967  2.329    4  0.000  0.493     0.00     0.00     0.00     0.00     0.00 -1    -1e-30      0.00 7.253e-01 2.691e-01 9.015e-04 3.471e-04 2.439e-03 -1.000 5.577e-03 0.407 0.415 0.868 0.901 -0.210 1.693 0.773 -0.977 -1.475 -1.550
0.0056 -0.43462 10.11394 0.8805629015 2.4439623356    0.789  1.763  3.6946  2.303    4  0.000  0.493     0.00     0.00     0.00     0.00     0.00 -1    -1e-30      0.00 7.253e-01 2.691e-01 9.015e-04 3.471e-04 2.439e-03 -1.000 5.577e-03 0.362 0.375 0.834 0.867 -0.255 1.671 0.738 -1.029 -1.534 -1.609
0.0056 -0.43462 10.11394 0.8806127906 2.4439764023    0.789  1.795  3.6909  2.256    4  0.000  0.493     0.00     0.00     0.00     0.00     0.00 -1    -1e-30      0.00 7.253e-01 2.691e-01 9.015e-04 3.471e-04 2.439e-03 -1.000 5.577e-03 0.281 0.303 0.772 0.806 -0.335 1.631 0.675 -1.123 -1.639 -1.716
0.0056 -0.43462 10.11394 0.8806407452 2.4439842701    0.789  1.832  3.6868  2.203    4  0.000  0.493     0.00     0.00     0.00     0.00     0.00 -1    -1e-30      0.00 7.253e-01 2.691e-01 9.015e-04 3.471e-04 2.439e-03 -1.000 5.577e-03 0.190 0.223 0.703 0.737 -0.425 1.587 0.605 -1.229 -1.758 -1.837
0.0056 -0.43462 10.11394 0.8806547523 2.4439880848    0.789  1.871  3.6826  2.147    4  0.000  0.493     0.00     0.00     0.00     0.00     0.00 -1    -1e-30      0.00 7.253e-01 2.691e-01 9.015e-04 3.471e-04 2.439e-03 -1.000 5.577e-03 0.093 0.138 0.630 0.665 -0.520 1.540 0.531 -1.340 -1.882 -1.964
0.0056 -0.43462 10.11394 0.8806614876 2.4439899921    0.789  1.910  3.6783  2.090    4  0.000  0.493     0.00     0.00     0.00     0.00     0.00 -1    -1e-30      0.00 7.253e-01 2.691e-01 9.015e-04 3.471e-04 2.439e-03 -1.000 5.577e-03 -0.006 0.052 0.556 0.592 -0.616 1.492 0.456 -1.454 -2.009 -2.093
0.0056 -0.43462 10.11394 0.8806646466 2.4439909458    0.789  1.948  3.6744  2.037    4  0.000  0.493     0.00     0.00     0.00     0.00     0.00 -1    -1e-30      0.00 7.253e-01 2.691e-01 9.015e-04 3.471e-04 2.439e-03 -1.000 5.577e-03 -0.099 -0.029 0.486 0.523 -0.707 1.449 0.386 -1.560 -2.128 -2.214
0.0056 -0.43462 10.11394 0.8806664348 2.4439914227    0.789  1.984  3.6706  1.986    4  0.000  0.493     0.00     0.00     0.00     0.00     0.00 -1    -1e-30      0.00 7.253e-01 2.691e-01 9.015e-04 3.471e-04 2.439e-03 -1.000 5.577e-03 -0.190 -0.109 0.417 0.454 -0.796 1.413 0.315 -1.663 -2.238 -2.328
0.0056 -0.43462 10.11394 0.8806676269 2.4439916611    0.789  2.021  3.6670  1.935    4  0.000  0.493     0.00     0.00     0.00     0.00     0.00 -1    -1e-30      0.00 7.253e-01 2.691e-01 9.015e-04 3.471e-04 2.439e-03 -1.000 5.577e-03 -0.281 -0.190 0.348 0.386 -0.885 1.384 0.244 -1.766 -2.347 -2.441
0.0056 -0.43462 10.11394 0.8806679249 2.4439918995    0.789  2.033  3.6658  1.918    4  0.000  0.493     0.00     0.00     0.00     0.00     0.00 -1    -1e-30      0.00 7.253e-01 2.691e-01 9.015e-04 3.471e-04 2.439e-03 -1.000 5.577e-03 -0.311 -0.216 0.326 0.364 -0.914 1.374 0.221 -1.800 -2.382 -2.478
0.0056 -0.43462 10.11394 0.8806679845 2.4439918995    0.789  2.033  3.6657  1.917    7  0.000  0.493     0.00     0.00     0.00     0.00     0.00 -1 -8.72e-10      0.00 7.253e-01 2.675e-01 9.015e-04 3.471e-04 2.439e-03 -1.000 7.160e-03 -0.313 -0.217 0.325 0.363 -0.915 1.373 0.220 -1.801 -2.384 -2.479
0.0056 -0.43462 10.11394 0.8806682825 2.4439918995    0.789  2.049  3.6642  1.895    7  0.000  0.493     0.00     0.00     0.00     0.00     0.00 -1  -9.5e-10      0.00 7.253e-01 2.675e-01 9.015e-04 3.471e-04 2.439e-03 -1.000 7.160e-03 -0.352 -0.251 0.295 0.334 -0.953 1.360 0.190 -1.845 -2.431 -2.528
0.0056 -0.43462 10.11394 0.8806691170 2.4439921379    0.789  2.088  3.6604  1.841    7  0.000  0.493     0.00     0.00     0.00     0.00     0.00 -1 -1.17e-09      0.00 7.253e-01 2.675e-01 9.015e-04 3.471e-04 2.439e-03 -1.000 7.160e-03 -0.449 -0.335 0.223 0.262 -1.047 1.325 0.116 -1.954 -2.546 -2.648
0.0056 -0.43462 10.11394 0.8806699514 2.4439923763    0.789  2.126  3.6567  1.788    7  0.000  0.493     0.00     0.00     0.00     0.00     0.00 -1 -1.45e-09      0.00 7.253e-01 2.675e-01 9.015e-04 3.471e-04 2.439e-03 -1.000 7.160e-03 -0.545 -0.415 0.156 0.195 -1.137 1.280 0.051 -2.061 -2.668 -2.772
0.0056 -0.43462 10.11394 0.8806707263 2.4439926147    0.789  2.160  3.6534  1.741    7  0.000  0.493     0.00     0.00     0.00     0.00     0.00 -1 -1.73e-09      0.00 7.253e-01 2.675e-01 9.015e-04 3.471e-04 2.439e-03 -1.000 7.160e-03 -0.630 -0.487 0.095 0.135 -1.216 1.251 -0.011 -2.154 -2.769 -2.877
0.0056 -0.43462 10.11394 0.8806716204 2.4439928532    0.789  2.187  3.6509  1.704    7  0.000  0.493     0.00     0.00     0.00     0.00     0.00 -1    -2e-09      0.00 7.253e-01 2.675e-01 9.015e-04 3.471e-04 2.439e-03 -1.000 7.160e-03 -0.697 -0.544 0.045 0.086 -1.279 1.226 -0.062 -2.229 -2.849 -2.960
0.0056 -0.43462 10.11394 0.8806738257 2.4439935684    0.789  2.195  3.6502  1.693    7  0.000  0.493     0.00     0.00     0.00     0.00     0.00 -1 -2.09e-09      0.00 7.253e-01 2.675e-01 9.015e-04 3.471e-04 2.439e-03 -1.000 7.160e-03 -0.718 -0.562 0.030 0.070 -1.299 1.218 -0.077 -2.252 -2.874 -2.985
0.0056 -0.43462 10.11394 0.8806752563 2.4439938068    0.789  2.171  3.6524  1.725    7  0.000  0.493     0.00     0.00     0.00     0.00     0.00 -1 -1.84e-09      0.00 7.253e-01 2.675e-01 9.015e-04 3.471e-04 2.439e-03 -1.000 7.160e-03 -0.658 -0.512 0.073 0.113 -1.243 1.239 -0.033 -2.186 -2.803 -2.912
0.0056 -0.43462 10.11394 0.8806784749 2.4439947605    0.788  2.148  3.6546  1.758    7  0.000  0.493     0.00     0.00     0.00     0.00     0.00 -1 -1.63e-09      0.00 7.253e-01 2.675e-01 9.015e-04 3.471e-04 2.439e-03 -1.000 7.160e-03 -0.599 -0.462 0.116 0.156 -1.188 1.260 0.010 -2.121 -2.733 -2.840
0.0056 -0.43462 10.11394 0.8806900382 2.4439980984    0.788  2.126  3.6567  1.788    7  0.000  0.493     0.00     0.00     0.00     0.00     0.00 -1 -1.45e-09      0.00 7.253e-01 2.675e-01 9.015e-04 3.471e-04 2.439e-03 -1.000 7.160e-03 -0.544 -0.415 0.156 0.195 -1.136 1.280 0.051 -2.060 -2.667 -2.771
0.0056 -0.43462 10.11394 0.8807191849 2.4440062046    0.786  2.141  3.6552  1.765    7  0.000  0.493     0.00     0.00     0.00     0.00     0.00 -1 -1.59e-09      0.00 7.253e-01 2.675e-01 9.015e-04 3.471e-04 2.439e-03 -1.000 7.160e-03 -0.582 -0.446 0.130 0.169 -1.171 1.269 0.024 -2.102 -2.713 -2.818
0.0056 -0.43462 10.11394 0.8807415962 2.4440124035    0.784  2.183  3.6511  1.706    7  0.000  0.493     0.00     0.00     0.00     0.00     0.00 -1    -2e-09      0.00 7.253e-01 2.675e-01 9.015e-04 3.471e-04 2.439e-03 -1.000 7.160e-03 -0.687 -0.535 0.053 0.094 -1.270 1.232 -0.054 -2.218 -2.838 -2.949
0.0056 -0.43462 10.11394 0.8807622194 2.4440183640    0.781  2.226  3.6471  1.646    7  0.000  0.493     0.00     0.00     0.00     0.00     0.00 -1 -2.54e-09      0.00 7.253e-01 2.675e-01 9.015e-04 3.471e-04 2.439e-03 -1.000 7.160e-03 -0.794 -0.624 -0.023 0.018 -1.369 1.196 -0.131 -2.336 -2.964 -3.080
0.0056 -0.43462 10.11394 0.8807804585 2.4440233707    0.779  2.268  3.6432  1.586    7  0.000  0.493     0.00     0.00     0.00     0.00     0.00 -1 -3.21e-09      0.00 7.253e-01 2.675e-01 9.015e-04 3.471e-04 2.439e-03 -1.000 7.160e-03 -0.899 -0.712 -0.098 -0.056 -1.466 1.161 -0.207 -2.451 -3.087 -3.209
0.0056 -0.43462 10.11394 0.8807961345 2.4440276623    0.776  2.309  3.6393  1.528    7  0.000  0.493     0.00     0.00     0.00     0.00     0.00 -1 -4.02e-09      0.00 7.253e-01 2.675e-01 9.015e-04 3.471e-04 2.439e-03 -1.000 7.160e-03 -1.003 -0.798 -0.171 -0.130 -1.560 1.126 -0.282 -2.564 -3.208 -3.336
0.0056 -0.43462 10.11394 0.8808096647 2.4440314770    0.773  2.350  3.6355  1.470    7  0.000  0.493     0.00     0.00     0.00     0.00     0.00 -1 -5.06e-09      0.00 7.253e-01 2.675e-01 9.015e-04 3.471e-04 2.439e-03 -1.000 7.160e-03 -1.105 -0.880 -0.240 -0.198 -1.653 1.093 -0.350 -2.675 -3.329 -3.463
0.0056 -0.43462 10.11394 0.8808214664 2.4440348148    0.769  2.391  3.6318  1.413    7  0.000  0.493     0.00     0.00     0.00     0.00     0.00 -1 -6.34e-09      0.00 7.253e-01 2.675e-01 9.015e-04 3.471e-04 2.439e-03 -1.000 7.135e-03 -1.207 -0.962 -0.308 -0.265 -1.745 1.059 -0.417 -2.786 -3.451 -3.589
0.0056 -0.43462 10.11394 0.8808319569 2.4440379143    0.765  2.431  3.6282  1.356    7  0.000  0.493     0.00     0.00     0.00     0.00     0.00 -1 -7.92e-09      0.00 7.253e-01 2.676e-01 9.014e-04 3.471e-04 2.439e-03 -1.000 7.084e-03 -1.307 -1.043 -0.374 -0.332 -1.836 1.026 -0.482 -2.895 -3.571 -3.714
0.0056 -0.43462 10.11394 0.8808413148 2.4440405369    0.761  2.471  3.6246  1.299    7  0.000  0.493     0.00     0.00     0.00     0.00     0.00 -1 -9.87e-09      0.00 7.253e-01 2.676e-01 9.011e-04 3.472e-04 2.439e-03 -1.000 7.074e-03 -1.407 -1.122 -0.438 -0.395 -1.925 0.996 -0.544 -3.003 -3.691 -3.838
0.0056 -0.43462 10.11394 0.8808499575 2.4440429211    0.756  2.511  3.6208  1.241    7  0.000  0.492     0.00     0.00     0.00     0.00     0.00 -1 -1.24e-08      0.00 7.253e-01 2.676e-01 9.003e-04 3.476e-04 2.439e-03 -1.000 7.066e-03 -1.507 -1.200 -0.501 -0.458 -2.014 0.968 -0.606 -3.111 -3.811 -3.964
0.0056 -0.43462 10.11394 0.8808580041 2.4440450668    0.751  2.551  3.6170  1.183    7  0.000  0.491     0.00     0.00     0.00     0.00     0.00 -1 -1.55e-08      0.00 7.253e-01 2.676e-01 8.983e-04 3.488e-04 2.439e-03 -1.000 7.060e-03 -1.607 -1.277 -0.562 -0.519 -2.102 0.943 -0.664 -3.219 -3.931 -4.089
0.0056 -0.43462 10.11394 0.8808655143 2.4440472126    0.744  2.590  3.6118  1.119    7  0.000  0.489     0.00     0.00     0.00     0.00     0.00 -1 -1.92e-08      0.00 7.253e-01 2.676e-01 8.945e-04 3.521e-04 2.439e-03 -1.000 7.060e-03 -1.706 -1.343 -0.605 -0.562 -2.183 0.945 -0.704 -3.328 -4.058 -4.222
0.0056 -0.43462 10.11394 0.8808691502 2.4440481663    0.740  2.611  3.6070  1.077    7  0.000  0.487     0.00     0.00     0.00     0.00     0.00 -1 -2.16e-08      0.00 7.253e-01 2.676e-01 8.914e-04 3.554e-04 2.439e-03 -1.000 7.060e-03 -1.756 -1.363 -0.603 -0.560 -2.216 0.986 -0.698 -3.387 -4.133 -4.305
0.0056 -0.43462 10.11394 0.8808760643 2.4440500736    0.732  2.650  3.6019  1.012    7  0.000  0.484     0.00     0.00     0.00     0.00     0.00 -1 -2.72e-08      0.00 7.253e-01 2.677e-01 8.846e-04 3.632e-04 2.439e-03 -1.000 7.010e-03 -1.856 -1.428 -0.645 -0.602 -2.296 0.990 -0.736 -3.495 -4.258 -4.437
0.0056 -0.43462 10.11394 0.8808827996 2.4440519810    0.721  2.690  3.5981  0.951    7  0.000  0.480     0.00     0.00     0.00     0.00     0.00 -1 -3.46e-08      0.00 7.253e-01 2.677e-01 8.776e-04 3.718e-04 2.439e-03 -1.000 6.979e-03 -1.955 -1.500 -0.697 -0.654 -2.381 0.977 -0.784 -3.602 -4.377 -4.562
0.0056 -0.43462 10.11394 0.8808891177 2.4440538883    0.709  2.730  3.5943  0.887    7  0.000  0.476     0.00     0.00     0.00     0.00     0.00 -1 -4.43e-08      0.00 7.253e-01 2.677e-01 8.712e-04 3.796e-04 2.439e-03 -1.000 6.961e-03 -2.056 -1.571 -0.746 -0.703 -2.466 0.968 -0.830 -3.710 -4.497 -4.689
0.0056 -0.43462 10.11394 0.8808947206 2.4440553188    0.694  2.770  3.5904  0.823    7  0.000  0.473     0.00     0.00     0.00     0.00     0.00 -1 -5.68e-08      0.00 7.253e-01 2.677e-01 8.655e-04 3.866e-04 2.439e-03 -1.000 6.960e-03 -2.155 -1.642 -0.794 -0.752 -2.549 0.960 -0.874 -3.817 -4.616 -4.814
0.0056 -0.43462 10.11394 0.8808996081 2.4440567493    0.679  2.810  3.5867  0.759    7  0.000  0.471     0.00     0.00     0.00     0.00     0.00 -1 -7.28e-08      0.00 7.253e-01 2.677e-01 8.608e-04 3.923e-04 2.439e-03 -1.000 6.960e-03 -2.255 -1.709 -0.837 -0.795 -2.631 0.954 -0.914 -3.924 -4.734 -4.939
0.0056 -0.43462 10.11394 0.8809030056 2.4440577030    0.664  2.849  3.5828  0.695    7  0.000  0.468     0.00     0.00     0.00     0.00     0.00 -1 -9.36e-08      0.00 7.253e-01 2.677e-01 8.567e-04 3.974e-04 2.439e-03 -1.000 6.951e-03 -2.353 -1.775 -0.877 -0.835 -2.710 0.951 -0.950 -4.030 -4.851 -5.063
0.0056 -0.43462 10.11394 0.8809056282 2.4440584183    0.650  2.885  3.5793  0.635    7  0.000  0.466     0.00     0.00     0.00     0.00     0.00 -1 -1.18e-07      0.00 7.253e-01 2.678e-01 8.531e-04 4.017e-04 2.439e-03 -1.000 6.910e-03 -2.443 -1.834 -0.913 -0.870 -2.783 0.949 -0.981 -4.128 -4.959 -5.177
0.0056 -0.43462 10.11394 0.8809080720 2.4440591335    0.634  2.923  3.5758  0.572    7  0.000  0.465     0.00     0.00     0.00     0.00     0.00 -1 -1.52e-07      0.00 7.253e-01 2.678e-01 8.499e-04 4.056e-04 2.439e-03 -1.000 6.884e-03 -2.538 -1.895 -0.944 -0.903 -2.859 0.946 -1.009 -4.230 -5.070 -5.295
0.0056 -0.43462 10.11394 0.8809102774 2.4440598488    0.614  2.961  3.5729  0.509    7  0.000  0.463     0.00     0.00     0.00     0.00     0.00 -1 -1.99e-07      0.00 7.253e-01 2.678e-01 8.473e-04 4.088e-04 2.439e-03 -1.000 6.921e-03 -2.633 -1.959 -0.984 -0.942 -2.936 0.935 -1.046 -4.331 -5.179 -5.410
0.0056 -0.43462 10.11394 0.8809126019 2.4440603256    0.586  3.005  3.5715  0.439    7  0.000  0.462     0.00     0.00     0.00     0.00     0.00 -1 -2.81e-07      0.00 7.252e-01 2.678e-01 8.450e-04 4.115e-04 2.439e-03 -1.000 6.960e-03 -2.742 -2.052 -1.059 -1.018 -3.037 0.891 -1.119 -4.445 -5.295 -5.530
0.0056 -0.43462 10.11394 0.8809146285 2.4440610409    0.552  3.044  3.5756  0.391    7  0.000  0.461     0.00     0.00     0.00     0.00     0.00 -1 -4.02e-07      0.00 7.252e-01 2.678e-01 8.436e-04 4.133e-04 2.439e-03 -1.000 6.960e-03 -2.839 -2.183 -1.214 -1.172 -3.156 0.750 -1.276 -4.538 -5.371 -5.603
0.0056 -0.43462 10.11394 0.8809157014 2.4440612793    0.528  3.064  3.5903  0.410    7  0.000  0.461     0.00     0.00     0.00     0.00     0.00 -1 -5.08e-07      0.00 7.252e-01 2.678e-01 8.432e-04 4.138e-04 2.439e-03 -1.000 6.960e-03 -2.890 -2.359 -1.479 -1.437 -3.282 0.422 -1.557 -4.568 -5.348 -5.561
0.0056 -0.43462 10.11394 0.8809159994 2.4440612793    0.513  3.069  3.6006  0.433    7  0.000  0.461     0.00     0.00     0.00     0.00     0.00 -1 -5.41e-07      0.00 7.252e-01 2.678e-01 8.431e-04 4.140e-04 2.439e-03 -1.000 6.960e-03 -2.902 -2.446 -1.618 -1.575 -3.339 0.214 -1.707 -4.566 -5.309 -5.508
#isochrone terminated
