# File generated by CMD 3.5 (http://stev.oapd.inaf.it/cmd) on Tue Oct 12 15:38:35 CEST 2021
# isochrones based on PARSEC release v1.2S +  COLIBRI S_37 + S_35 + PR16
# Basic references: Bressan et al. (2012), MNRAS, 427, 127 + Chen et al. (2014, 2015), MNRAS, 444, 2525 + MNRAS, 452, 1068 + Tang et al. (2014), MNRAS, 445, 4287 + Marigo et al. (2017), ApJ, 835, 77 + Pastorelli al. (2019), MNRAS, 485, 5666 + Pastorelli al. (2020), MNRAS, in press
# Thermal pulse cycles included 
# On RGB, assumed Reimers mass loss with efficiency eta=0.2
# LPV periods and growth rates added cf. Trabucchi et al. (2019)
# Photometric system: Gaia's DR2 G, G_BP and G_RP (Vegamags, Gaia passbands from Weiler 2018)
# Using YBC version of bolometric corrections as in Chen et al. (2019)
# O-rich circumstellar dpmod60alox40 dust from Groenewegen (2006)
# C-rich circumstellar AMCSIC15 dust from Groenewegen (2006)
# IMF: Kroupa (2001, 2002) + Kroupa et al. (2013) canonical two-part-power law IMF corrected for unresolved binaries 
# Kind of output: isochrone tables
# Zini     MH   logAge Mini        int_IMF         Mass   logL    logTe  logg  label   McoreTP C_O  period0  period1  period2  period3  period4  pmode  Mloss  tau1m   X   Y   Xc  Xn  Xo  Cexcess  Z 	 mbolmag  Gmag    G_BPbrmag  G_BPftmag  G_RPmag
0.0152 0.01508 10.00000 0.0900000036 1.0816895962    0.090 -3.423  3.3625  5.217    1  0.000  0.545     0.00     0.00     0.00     0.00     0.00 -1  -3.9e-17      0.00 7.080e-01 2.767e-01 2.746e-03 7.408e-04 6.719e-03 -1.000 1.527e-02 13.327 15.375 18.312 18.333 13.886
0.0152 0.01508 10.00000 0.1000000015 1.1711064577    0.100 -3.240  3.3884  5.184    1  0.000  0.545     0.00     0.00     0.00     0.00     0.00 -1 -2.59e-17      0.00 7.076e-01 2.771e-01 2.746e-03 7.408e-04 6.719e-03 -1.000 1.527e-02 12.871 14.918 17.842 17.863 13.430
0.0152 0.01508 10.00000 0.1077039689 1.2324166298    0.108 -3.133  3.4026  5.165    1  0.000  0.545     0.00     0.00     0.00     0.00     0.00 -1 -4.21e-17      0.00 7.072e-01 2.775e-01 2.746e-03 7.408e-04 6.719e-03 -1.000 1.527e-02 12.601 14.648 17.564 17.585 13.160
0.0152 0.01508 10.00000 0.1200000122 1.3193155527    0.120 -2.975  3.4232  5.137    1  0.000  0.545     0.00     0.00     0.00     0.00     0.00 -1 -1.04e-16      0.00 7.067e-01 2.780e-01 2.746e-03 7.408e-04 6.719e-03 -1.000 1.527e-02 12.209 14.171 16.959 16.982 12.702
0.0152 0.01508 10.00000 0.1400000006 1.4384527206    0.140 -2.792  3.4435  5.102    1  0.000  0.545     0.00     0.00     0.00     0.00     0.00 -1 -1.53e-16      0.00 7.060e-01 2.788e-01 2.746e-03 7.408e-04 6.719e-03 -1.000 1.527e-02 11.749 13.438 15.853 15.879 12.032
0.0152 0.01508 10.00000 0.1496137679 1.4881080389    0.150 -2.721  3.4502  5.087    1  0.000  0.545     0.00     0.00     0.00     0.00     0.00 -1 -1.77e-16      0.00 7.056e-01 2.791e-01 2.746e-03 7.408e-04 6.719e-03 -1.000 1.527e-02 11.573 13.175 15.475 15.502 11.790
0.0152 0.01508 10.00000 0.1599999964 1.5372931957    0.160 -2.650  3.4571  5.073    1  0.000  0.545     0.00     0.00     0.00     0.00     0.00 -1 -2.05e-16      0.00 7.053e-01 2.794e-01 2.746e-03 7.408e-04 6.719e-03 -1.000 1.527e-02 11.395 12.911 15.089 15.118 11.549
0.0152 0.01508 10.00000 0.2000000030 1.6938791275    0.200 -2.430  3.4758  5.025    1  0.000  0.545     0.00     0.00     0.00     0.00     0.00 -1 -3.21e-16      0.00 7.042e-01 2.806e-01 2.746e-03 7.408e-04 6.719e-03 -1.000 1.527e-02 10.846 12.145 14.030 14.061 10.846
0.0152 0.01508 10.00000 0.2500000000 1.8403258324    0.250 -2.217  3.4921  4.974    1  0.000  0.545     0.00     0.00     0.00     0.00     0.00 -1 -3.89e-17      0.00 7.033e-01 2.814e-01 2.746e-03 7.408e-04 6.719e-03 -1.000 1.527e-02 10.314 11.439 13.097 13.129 10.197
0.0152 0.01508 10.00000 0.3000000119 1.9529139996    0.300 -2.052  3.5027  4.930    1  0.000  0.545     0.00     0.00     0.00     0.00     0.00 -1 -1.13e-17      0.00 7.030e-01 2.817e-01 2.746e-03 7.408e-04 6.719e-03 -1.000 1.527e-02 9.900 10.933 12.473 12.507 9.724
0.0152 0.01508 10.00000 0.3493747413 2.0423915386    0.349 -1.906  3.5113  4.885    1  0.000  0.545     0.00     0.00     0.00     0.00     0.00 -1 -2.32e-16      0.00 7.088e-01 2.759e-01 2.746e-03 7.408e-04 6.719e-03 -1.000 1.527e-02 9.536 10.499 11.954 11.988 9.316
0.0152 0.01508 10.00000 0.3500000238 2.0434176922    0.350 -1.905  3.5114  4.884    1  0.000  0.545     0.00     0.00     0.00     0.00     0.00 -1 -2.34e-16      0.00 7.089e-01 2.759e-01 2.746e-03 7.408e-04 6.719e-03 -1.000 1.527e-02 9.532 10.493 11.948 11.982 9.311
0.0152 0.01508 10.00000 0.3668254316 2.0701627731    0.367 -1.854  3.5153  4.870    1  0.000  0.545     0.00     0.00     0.00     0.00     0.00 -1 -4.02e-16      0.00 7.089e-01 2.758e-01 2.746e-03 7.408e-04 6.719e-03 -1.000 1.527e-02 9.405 10.336 11.755 11.790 9.166
0.0152 0.01508 10.00000 0.4000000358 2.1185026169    0.400 -1.760  3.5225  4.842    1  0.000  0.545     0.00     0.00     0.00     0.00     0.00 -1 -1.31e-15      0.00 7.091e-01 2.756e-01 2.746e-03 7.408e-04 6.719e-03 -1.000 1.527e-02 9.171 10.048 11.405 11.440 8.900
0.0152 0.01508 10.00000 0.4500000477 2.1822810173    0.450 -1.610  3.5350  4.793    1  0.000  0.545     0.00     0.00     0.00     0.00     0.00 -1 -1.85e-15      0.00 7.092e-01 2.755e-01 2.746e-03 7.408e-04 6.719e-03 -1.000 1.527e-02 8.795 9.589 10.851 10.887 8.476
0.0152 0.01508 10.00000 0.5000000000 2.2374541759    0.500 -1.451  3.5504  4.742    1  0.000  0.545     0.00     0.00     0.00     0.00     0.00 -1 -2.68e-15      0.00 7.092e-01 2.755e-01 2.746e-03 7.408e-04 6.719e-03 -1.000 1.527e-02 8.398 9.095 10.254 10.291 8.025
0.0152 0.01508 10.00000 0.5500000119 2.2836582661    0.550 -1.273  3.5707  4.686    1  0.000  0.545     0.00     0.00     0.00     0.00     0.00 -1  -4.1e-15      0.00 7.319e-01 2.540e-01 2.545e-03 6.868e-04 6.231e-03 -1.000 1.417e-02 7.952 8.525 9.558 9.597 7.514
0.0152 0.01508 10.00000 0.6000000238 2.3211214542    0.600 -1.098  3.5958  4.649    1  0.000  0.544     0.00     0.00     0.00     0.00     0.00 -1 -6.13e-15      0.00 7.352e-01 2.507e-01 2.517e-03 6.796e-04 6.166e-03 -1.000 1.404e-02 7.515 7.950 8.853 8.893 7.011
0.0152 0.01508 10.00000 0.6499999762 2.3520355225    0.650 -0.919  3.6267  4.628    1  0.000  0.544     0.00     0.00     0.00     0.00     0.00 -1 -9.12e-15      0.00 7.383e-01 2.478e-01 2.492e-03 6.729e-04 6.107e-03 -1.000 1.389e-02 7.066 7.351 8.116 8.157 6.496
0.0152 0.01508 10.00000 0.6599115133 2.3575272560    0.660 -0.883  3.6331  4.625    1  0.000  0.544     0.00     0.00     0.00     0.00     0.00 -1 -9.87e-15      0.00 7.389e-01 2.472e-01 2.488e-03 6.716e-04 6.095e-03 -1.000 1.387e-02 6.977 7.231 7.967 8.008 6.395
0.0152 0.01508 10.00000 0.7000000477 2.3779268265    0.700 -0.743  3.6579  4.610    1  0.000  0.544     0.00     0.00     0.00     0.00     0.00 -1 -1.34e-14      0.00 7.412e-01 2.450e-01 2.469e-03 6.666e-04 6.050e-03 -1.000 1.378e-02 6.628 6.761 7.389 7.430 6.000
0.0152 0.01508 10.00000 0.7199136615 2.3870944977    0.720 -0.674  3.6700  4.601    1  0.000  0.541     0.00     0.00     0.00     0.00     0.00 -1 -1.57e-14      0.00 7.425e-01 2.438e-01 2.444e-03 6.634e-04 6.025e-03 -1.000 1.370e-02 6.456 6.537 7.120 7.161 5.810
0.0152 0.01508 10.00000 0.7426754832 2.3968837261    0.743 -0.596  3.6833  4.590    1  0.000  0.538     0.00     0.00     0.00     0.00     0.00 -1 -1.87e-14      0.00 7.440e-01 2.423e-01 2.417e-03 6.597e-04 5.996e-03 -1.000 1.365e-02 6.261 6.293 6.831 6.870 5.602
0.0152 0.01508 10.00000 0.7500000000 2.3998889923    0.750 -0.571  3.6875  4.586    1  0.000  0.537     0.00     0.00     0.00     0.00     0.00 -1 -1.98e-14      0.00 7.445e-01 2.419e-01 2.409e-03 6.585e-04 5.986e-03 -1.000 1.359e-02 6.198 6.217 6.742 6.781 5.537
0.0152 0.01508 10.00000 0.7583735585 2.4032430649    0.758 -0.544  3.6915  4.579    1  0.000  0.536     0.00     0.00     0.00     0.00     0.00 -1 -2.11e-14      0.00 7.453e-01 2.412e-01 2.403e-03 6.568e-04 5.971e-03 -1.000 1.353e-02 6.129 6.135 6.648 6.687 5.465
0.0152 0.01508 10.00000 0.7776705623 2.4106569290    0.777 -0.480  3.7006  4.563    1  0.000  0.536     0.00     0.00     0.00     0.00     0.00 -1 -2.47e-14      0.00 7.470e-01 2.395e-01 2.388e-03 6.530e-04 5.937e-03 -1.000 1.349e-02 5.969 5.949 6.435 6.473 5.303
0.0152 0.01508 10.00000 0.7952715158 2.4170596600    0.795 -0.422  3.7088  4.547    1  0.000  0.536     0.00     0.00     0.00     0.00     0.00 -1 -2.84e-14      0.00 7.486e-01 2.380e-01 2.375e-03 6.496e-04 5.906e-03 -1.000 1.341e-02 5.824 5.783 6.247 6.284 5.156
0.0152 0.01508 10.00000 0.8000000119 2.4187245369    0.800 -0.406  3.7109  4.542    1  0.000  0.536     0.00     0.00     0.00     0.00     0.00 -1 -2.95e-14      0.00 7.490e-01 2.376e-01 2.372e-03 6.487e-04 5.898e-03 -1.000 1.340e-02 5.785 5.738 6.197 6.233 5.117
0.0152 0.01508 10.00000 0.8115743399 2.4227061272    0.811 -0.367  3.7160  4.530    1  0.000  0.536     0.00     0.00     0.00     0.00     0.00 -1 -3.24e-14      0.00 7.502e-01 2.365e-01 2.362e-03 6.460e-04 5.874e-03 -1.000 1.335e-02 5.688 5.631 6.076 6.112 5.021
0.0152 0.01508 10.00000 0.8286699653 2.4283535480    0.828 -0.310  3.7232  4.511    1  0.000  0.536     0.00     0.00     0.00     0.00     0.00 -1 -3.75e-14      0.00 7.520e-01 2.347e-01 2.348e-03 6.421e-04 5.840e-03 -1.000 1.330e-02 5.545 5.473 5.901 5.936 4.880
0.0152 0.01508 10.00000 0.8440065980 2.4331967831    0.843 -0.258  3.7295  4.492    1  0.000  0.536     0.00     0.00     0.00     0.00     0.00 -1 -4.27e-14      0.00 7.536e-01 2.332e-01 2.335e-03 6.386e-04 5.809e-03 -1.000 1.323e-02 5.416 5.332 5.746 5.780 4.752
0.0152 0.01508 10.00000 0.8500000238 2.4350347519    0.849 -0.238  3.7319  4.485    1  0.000  0.536     0.00     0.00     0.00     0.00     0.00 -1  -4.5e-14      0.00 7.542e-01 2.326e-01 2.330e-03 6.373e-04 5.797e-03 -1.000 1.320e-02 5.365 5.278 5.685 5.719 4.703
0.0152 0.01508 10.00000 0.8506687880 2.4352381229    0.850 -0.236  3.7321  4.484    1  0.000  0.536     0.00     0.00     0.00     0.00     0.00 -1 -4.52e-14      0.00 7.543e-01 2.325e-01 2.329e-03 6.371e-04 5.795e-03 -1.000 1.319e-02 5.359 5.272 5.679 5.712 4.698
0.0152 0.01508 10.00000 0.8669279814 2.4400689602    0.866 -0.179  3.7381  4.460    1  0.000  0.536     0.00     0.00     0.00     0.00     0.00 -1 -5.24e-14      0.00 7.563e-01 2.306e-01 2.312e-03 6.326e-04 5.754e-03 -1.000 1.312e-02 5.219 5.121 5.513 5.546 4.562
0.0152 0.01508 10.00000 0.8824838996 2.4444997311    0.882 -0.125  3.7436  4.434    1  0.000  0.536     0.00     0.00     0.00     0.00     0.00 -1 -6.06e-14      0.00 7.583e-01 2.287e-01 2.296e-03 6.283e-04 5.716e-03 -1.000 1.296e-02 5.082 4.978 5.357 5.388 4.431
0.0152 0.01508 10.00000 0.8968155384 2.4484257698    0.896 -0.074  3.7483  4.409    1  0.000  0.536     0.00     0.00     0.00     0.00     0.00 -1 -6.97e-14      0.00 7.601e-01 2.270e-01 2.282e-03 6.244e-04 5.681e-03 -1.000 1.289e-02 4.954 4.845 5.212 5.242 4.309
0.0152 0.01508 10.00000 0.9000000358 2.4492788315    0.899 -0.062  3.7493  4.403    1  0.000  0.535     0.00     0.00     0.00     0.00     0.00 -1 -7.19e-14      0.00 7.605e-01 2.267e-01 2.279e-03 6.235e-04 5.673e-03 -1.000 1.288e-02 4.925 4.814 5.179 5.210 4.281
0.0152 0.01508 10.00000 0.9123090506 2.4525110722    0.911 -0.017  3.7528  4.377    1  0.000  0.535     0.00     0.00     0.00     0.00     0.00 -1 -8.16e-14      0.00 7.623e-01 2.248e-01 2.263e-03 6.194e-04 5.636e-03 -1.000 1.284e-02 4.811 4.698 5.054 5.084 4.174
0.0152 0.01508 10.00000 0.9294092059 2.4568386078    0.928  0.047  3.7570  4.339    1  0.000  0.535     0.00     0.00     0.00     0.00     0.00 -1 -9.78e-14      0.00 7.649e-01 2.224e-01 2.242e-03 6.138e-04 5.587e-03 -1.000 1.272e-02 4.652 4.535 4.882 4.911 4.021
0.0152 0.01508 10.00000 0.9448647499 2.4605951309    0.944  0.104  3.7599  4.300    1  0.000  0.535     0.00     0.00     0.00     0.00     0.00 -1 -1.16e-13      0.00 7.668e-01 2.206e-01 2.227e-03 6.097e-04 5.550e-03 -1.000 1.259e-02 4.509 4.390 4.729 4.758 3.882
0.0152 0.01508 10.00000 0.9500000477 2.4618122578    0.949  0.125  3.7607  4.285    1  0.000  0.535     0.00     0.00     0.00     0.00     0.00 -1 -1.23e-13      0.00 7.668e-01 2.206e-01 2.228e-03 6.099e-04 5.551e-03 -1.000 1.260e-02 4.458 4.338 4.675 4.704 3.833
0.0152 0.01508 10.00000 0.9568482041 2.4634120464    0.956  0.153  3.7618  4.265    1  0.000  0.535     0.00     0.00     0.00     0.00     0.00 -1 -1.34e-13      0.00 7.670e-01 2.204e-01 2.227e-03 6.096e-04 5.550e-03 -1.000 1.261e-02 4.388 4.268 4.602 4.631 3.765
0.0152 0.01508 10.00000 0.9585533142 2.4638063908    0.957  0.160  3.7620  4.259    1  0.000  0.535     0.00     0.00     0.00     0.00     0.00 -1 -1.37e-13      0.00 7.669e-01 2.205e-01 2.227e-03 6.098e-04 5.551e-03 -1.000 1.262e-02 4.370 4.250 4.584 4.612 3.748
0.0152 0.01508 10.00000 0.9680970907 2.4659833908    0.967  0.201  3.7628  4.225    1  0.000  0.535     0.00     0.00     0.00     0.00     0.00 -1 -1.56e-13      0.00 7.662e-01 2.211e-01 2.234e-03 6.117e-04 5.568e-03 -1.000 1.269e-02 4.267 4.146 4.478 4.506 3.646
0.0152 0.01508 10.00000 0.9755672216 2.4676535130    0.975  0.234  3.7628  4.196    1  0.000  0.535     0.00     0.00     0.00     0.00     0.00 -1 -1.73e-13      0.00 7.654e-01 2.219e-01 2.243e-03 6.142e-04 5.591e-03 -1.000 1.273e-02 4.184 4.063 4.395 4.423 3.564
0.0152 0.01508 10.00000 0.9840705991 2.4695188999    0.983  0.273  3.7621  4.158    1  0.000  0.535     0.00     0.00     0.00     0.00     0.00 -1 -1.97e-13      0.00 7.635e-01 2.236e-01 2.263e-03 6.195e-04 5.640e-03 -1.000 1.284e-02 4.086 3.966 4.299 4.327 3.465
0.0152 0.01508 10.00000 0.9897478223 2.4707438946    0.989  0.300  3.7610  4.129    1  0.000  0.535     0.00     0.00     0.00     0.00     0.00 -1 -2.16e-13      0.00 7.618e-01 2.253e-01 2.280e-03 6.244e-04 5.684e-03 -1.000 1.290e-02 4.019 3.900 4.235 4.263 3.397
0.0152 0.01508 10.00000 0.9916135669 2.4711430073    0.991  0.309  3.7605  4.119    2  0.000  0.535     0.00     0.00     0.00     0.00     0.00 -1 -2.24e-13      0.00 7.604e-01 2.265e-01 2.293e-03 6.280e-04 5.717e-03 -1.000 1.303e-02 3.997 3.878 4.214 4.242 3.374
0.0152 0.01508 10.00000 0.9992115498 2.4727504253    0.998  0.346  3.7568  4.071    2  0.000  0.535     0.00     0.00     0.00     0.00     0.00 -1 -2.55e-13      0.00 7.543e-01 2.323e-01 2.350e-03 6.435e-04 5.858e-03 -1.000 1.334e-02 3.905 3.790 4.134 4.163 3.277
0.0152 0.01508 10.00000 1.0000000000 2.4729156494    0.999  0.349  3.7560  4.064    2  0.000  0.535     0.00     0.00     0.00     0.00     0.00 -1 -2.59e-13      0.00 7.534e-01 2.332e-01 2.358e-03 6.457e-04 5.878e-03 -1.000 1.339e-02 3.897 3.782 4.128 4.157 3.268
0.0152 0.01508 10.00000 1.0062853098 2.4742217064    1.005  0.377  3.7489  4.011    2  0.000  0.535     0.00     0.00     0.00     0.00     0.00 -1  -2.9e-13      0.00 7.453e-01 2.409e-01 2.427e-03 6.645e-04 6.047e-03 -1.000 1.375e-02 3.828 3.721 4.082 4.112 3.190
0.0152 0.01508 10.00000 1.0105534792 2.4750981331    1.009  0.388  3.7396  3.965    2  0.000  0.536     0.00     0.00     0.00     0.00     0.00 -1 -3.12e-13      0.00 7.380e-01 2.480e-01 2.486e-03 6.803e-04 6.188e-03 -1.000 1.407e-02 3.800 3.703 4.085 4.116 3.154
0.0152 0.01508 10.00000 1.0134459734 2.4756872654    1.012  0.388  3.7291  3.923    2  0.000  0.536     0.00     0.00     0.00     0.00     0.00 -1 -3.27e-13      0.00 7.322e-01 2.535e-01 2.531e-03 6.923e-04 6.296e-03 -1.000 1.433e-02 3.799 3.719 4.124 4.157 3.147
0.0152 0.01508 10.00000 1.0154302120 2.4760892391    1.014  0.388  3.7192  3.885    2  0.000  0.536     0.00     0.00     0.00     0.00     0.00 -1  -3.4e-13      0.00 7.280e-01 2.575e-01 2.563e-03 7.006e-04 6.370e-03 -1.000 1.445e-02 3.799 3.738 4.165 4.199 3.145
0.0152 0.01508 10.00000 1.0172933340 2.4764649868    1.016  0.399  3.7096  3.836    2  0.000  0.537     0.00     0.00     0.00     0.00     0.00 -1 -3.67e-13      0.00 7.242e-01 2.611e-01 2.589e-03 7.078e-04 6.433e-03 -1.000 1.463e-02 3.772 3.732 4.181 4.217 3.118
0.0152 0.01508 10.00000 1.0191289186 2.4768335819    1.018  0.429  3.7015  3.774    2  0.000  0.537     0.00     0.00     0.00     0.00     0.00 -1 -4.19e-13      0.00 7.205e-01 2.647e-01 2.612e-03 7.139e-04 6.487e-03 -1.000 1.476e-02 3.696 3.676 4.145 4.182 3.044
0.0152 0.01508 10.00000 1.0201272964 2.4770333767    1.019  0.454  3.6980  3.736    2  0.000  0.537     0.00     0.00     0.00     0.00     0.00 -1 -4.62e-13      0.00 7.185e-01 2.667e-01 2.623e-03 7.169e-04 6.514e-03 -1.000 1.479e-02 3.635 3.625 4.103 4.140 2.985
0.0152 0.01508 10.00000 1.0215713978 2.4773216248    1.020  0.505  3.6946  3.673    3  0.000  0.537     0.00     0.00     0.00     0.00     0.00 -1 -5.56e-13      0.00 7.152e-01 2.699e-01 2.635e-03 7.206e-04 6.545e-03 -1.000 1.486e-02 3.509 3.508 3.994 4.031 2.860
0.0152 0.01508 10.00000 1.0228266716 2.4775714874    1.021  0.556  3.6923  3.613    3  0.000  0.535     0.00     0.00     0.00     0.00     0.00 -1 -6.69e-13      0.00 7.120e-01 2.731e-01 2.634e-03 7.262e-04 6.567e-03 -1.000 1.493e-02 3.380 3.386 3.878 3.915 2.734
0.0152 0.01508 10.00000 1.0237306356 2.4777510166    1.022  0.597  3.6910  3.566    3  0.000  0.530     0.00     0.00     0.00     0.00     0.00 -1 -7.75e-13      0.00 7.092e-01 2.758e-01 2.616e-03 7.415e-04 6.581e-03 -1.000 1.498e-02 3.277 3.287 3.781 3.818 2.632
0.0152 0.01508 10.00000 1.0245987177 2.4779229164    1.023  0.641  3.6898  3.518    3  0.000  0.521     0.00     0.00     0.00     0.00     0.00 -1 -9.02e-13      0.00 7.064e-01 2.785e-01 2.575e-03 7.804e-04 6.594e-03 -1.000 1.502e-02 3.169 3.182 3.679 3.716 2.525
0.0152 0.01508 10.00000 1.0254149437 2.4780843258    1.024  0.684  3.6886  3.470    3  0.000  0.508     0.00     0.00     0.00     0.00     0.00 -1 -1.05e-12      0.00 7.038e-01 2.811e-01 2.516e-03 8.457e-04 6.603e-03 -1.000 1.503e-02 3.059 3.076 3.576 3.613 2.416
0.0152 0.01508 10.00000 1.0261753798 2.4782345295    1.025  0.729  3.6876  3.422    3  0.000  0.495     0.00     0.00     0.00     0.00     0.00 -1 -1.23e-12      0.00 7.014e-01 2.835e-01 2.453e-03 9.225e-04 6.610e-03 -1.000 1.506e-02 2.949 2.969 3.472 3.510 2.307
0.0152 0.01508 10.00000 1.0268266201 2.4783627987    1.025  0.769  3.6866  3.378    3  0.000  0.484     0.00     0.00     0.00     0.00     0.00 -1 -1.42e-12      0.00 6.993e-01 2.856e-01 2.400e-03 9.900e-04 6.616e-03 -1.000 1.508e-02 2.847 2.871 3.376 3.414 2.206
0.0152 0.01508 10.00000 1.0274474621 2.4784851074    1.026  0.811  3.6855  3.332    3  0.000  0.475     0.00     0.00     0.00     0.00     0.00 -1 -1.65e-12      0.00 6.976e-01 2.873e-01 2.360e-03 1.041e-03 6.621e-03 -1.000 1.509e-02 2.742 2.769 3.278 3.315 2.102
0.0152 0.01508 10.00000 1.0280750990 2.4786083698    1.026  0.857  3.6842  3.281    3  0.000  0.468     0.00     0.00     0.00     0.00     0.00 -1 -1.94e-12      0.00 6.960e-01 2.889e-01 2.327e-03 1.083e-03 6.624e-03 -1.000 1.511e-02 2.627 2.658 3.170 3.208 1.988
0.0152 0.01508 10.00000 1.0286061764 2.4787127972    1.027  0.899  3.6830  3.234    3  0.000  0.464     0.00     0.00     0.00     0.00     0.00 -1 -2.25e-12      0.00 6.949e-01 2.900e-01 2.306e-03 1.112e-03 6.627e-03 -1.000 1.513e-02 2.523 2.558 3.073 3.111 1.885
0.0152 0.01508 10.00000 1.0290813446 2.4788057804    1.027  0.940  3.6817  3.189    3  0.000  0.460     0.00     0.00     0.00     0.00     0.00 -1 -2.61e-12      0.00 6.940e-01 2.909e-01 2.290e-03 1.132e-03 6.629e-03 -1.000 1.513e-02 2.421 2.460 2.979 3.017 1.784
0.0152 0.01508 10.00000 1.0295226574 2.4788923264    1.028  0.980  3.6804  3.144    3  0.000  0.458     0.00     0.00     0.00     0.00     0.00 -1 -3.01e-12      0.00 6.933e-01 2.916e-01 2.277e-03 1.149e-03 6.631e-03 -1.000 1.511e-02 2.321 2.364 2.886 2.924 1.685
0.0152 0.01508 10.00000 1.0299593210 2.4789776802    1.028  1.023  3.6789  3.094    3  0.000  0.456     0.00     0.00     0.00     0.00     0.00 -1 -3.52e-12      0.00 6.928e-01 2.921e-01 2.268e-03 1.161e-03 6.632e-03 -1.000 1.512e-02 2.212 2.260 2.787 2.825 1.577
0.0152 0.01508 10.00000 1.0304344893 2.4790706635    1.028  1.075  3.6769  3.035    3  0.000  0.454     0.00     0.00     0.00     0.00     0.00 -1 -4.24e-12      0.00 6.923e-01 2.926e-01 2.261e-03 1.170e-03 6.633e-03 -1.000 1.513e-02 2.082 2.138 2.670 2.709 1.450
0.0152 0.01508 10.00000 1.0307823420 2.4791386127    1.029  1.117  3.6753  2.986    3  0.000  0.454     0.00     0.00     0.00     0.00     0.00 -1 -4.93e-12      0.00 6.921e-01 2.927e-01 2.258e-03 1.174e-03 6.634e-03 -1.000 1.513e-02 1.978 2.039 2.576 2.615 1.348
0.0152 0.01508 10.00000 1.0310891867 2.4791984558    1.029  1.157  3.6736  2.940    3  0.000  0.453     0.00     0.00     0.00     0.00     0.00 -1 -5.69e-12      0.00 6.921e-01 2.928e-01 2.256e-03 1.176e-03 6.634e-03 -1.000 1.513e-02 1.879 1.946 2.487 2.526 1.251
0.0152 0.01508 10.00000 1.0313726664 2.4792537689    1.029  1.196  3.6720  2.894    3  0.000  0.453     0.00     0.00     0.00     0.00     0.00 -1 -6.57e-12      0.00 6.920e-01 2.928e-01 2.255e-03 1.177e-03 6.634e-03 -1.000 1.513e-02 1.780 1.853 2.399 2.438 1.154
0.0152 0.01508 10.00000 1.0317133665 2.4793200493    1.029  1.248  3.6697  2.834    3  0.000  0.453     0.00     0.00     0.00     0.00     0.00 -1 -7.93e-12      0.00 6.920e-01 2.928e-01 2.255e-03 1.178e-03 6.634e-03 -1.000 1.513e-02 1.651 1.732 2.284 2.324 1.028
0.0152 0.01508 10.00000 1.0320152044 2.4793789387    1.030  1.298  3.6673  2.774    3  0.000  0.453     0.00     0.00     0.00     0.00     0.00 -1 -9.52e-12      0.00 6.920e-01 2.928e-01 2.255e-03 1.178e-03 6.634e-03 -1.000 1.514e-02 1.526 1.616 2.175 2.215 0.907
0.0152 0.01508 10.00000 1.0322917700 2.4794328213    1.030  1.348  3.6649  2.715    3  0.000  0.453     0.00     0.00     0.00     0.00     0.00 -1 -1.14e-11      0.00 6.920e-01 2.929e-01 2.254e-03 1.178e-03 6.634e-03 -1.000 1.514e-02 1.401 1.500 2.066 2.106 0.785
0.0152 0.01508 10.00000 1.0325486660 2.4794826508    1.030  1.398  3.6624  2.655    3  0.000  0.453     0.00     0.00     0.00     0.00     0.00 -1 -1.37e-11      0.00 6.920e-01 2.929e-01 2.254e-03 1.179e-03 6.635e-03 -1.000 1.514e-02 1.276 1.385 1.958 1.998 0.664
0.0152 0.01508 10.00000 1.0327839851 2.4795284271    1.030  1.445  3.6600  2.598    3  0.000  0.453     0.00     0.00     0.00     0.00     0.00 -1 -1.64e-11      0.00 6.920e-01 2.929e-01 2.254e-03 1.179e-03 6.635e-03 -1.000 1.514e-02 1.157 1.275 1.855 1.895 0.549
0.0152 0.01508 10.00000 1.0330250263 2.4795753956    1.030  1.490  3.6577  2.544    3  0.000  0.453     0.00     0.00     0.00     0.00     0.00 -1 -1.93e-11      0.00 6.920e-01 2.929e-01 2.254e-03 1.180e-03 6.635e-03 -1.000 1.514e-02 1.045 1.173 1.760 1.800 0.441
0.0152 0.01508 10.00000 1.0332717896 2.4796233177    1.030  1.524  3.6559  2.502    3  0.000  0.453     0.00     0.00     0.00     0.00     0.00 -1  -2.2e-11      0.00 6.920e-01 2.929e-01 2.253e-03 1.180e-03 6.635e-03 -1.000 1.514e-02 0.959 1.094 1.687 1.727 0.359
0.0152 0.01508 10.00000 1.0334594250 2.4796595573    1.030  1.496  3.6579  2.539    3  0.000  0.453     0.00     0.00     0.00     0.00     0.00 -1    -2e-11      0.00 6.920e-01 2.929e-01 2.253e-03 1.180e-03 6.635e-03 -1.000 1.514e-02 1.031 1.158 1.744 1.784 0.427
0.0152 0.01508 10.00000 1.0335848331 2.4796841145    1.030  1.454  3.6606  2.591    3  0.000  0.453     0.00     0.00     0.00     0.00     0.00 -1 -1.72e-11      0.00 6.920e-01 2.929e-01 2.253e-03 1.180e-03 6.635e-03 -1.000 1.514e-02 1.135 1.251 1.829 1.869 0.526
0.0152 0.01508 10.00000 1.0335954428 2.4796860218    1.030  1.451  3.6608  2.595    3  0.000  0.453     0.00     0.00     0.00     0.00     0.00 -1 -1.69e-11      0.00 6.920e-01 2.929e-01 2.253e-03 1.180e-03 6.635e-03 -1.000 1.514e-02 1.142 1.256 1.834 1.874 0.532
0.0152 0.01508 10.00000 1.0337706804 2.4797201157    1.030  1.498  3.6583  2.538    3  0.000  0.453     0.00     0.00     0.00     0.00     0.00 -1 -1.98e-11      0.00 6.920e-01 2.929e-01 2.253e-03 1.181e-03 6.635e-03 -1.000 1.514e-02 1.026 1.151 1.737 1.777 0.421
0.0152 0.01508 10.00000 1.0339505672 2.4797549248    1.030  1.545  3.6556  2.480    3  0.000  0.453     0.00     0.00     0.00     0.00     0.00 -1 -2.36e-11      0.00 6.920e-01 2.929e-01 2.253e-03 1.181e-03 6.635e-03 -1.000 1.514e-02 0.908 1.044 1.638 1.678 0.307
0.0152 0.01508 10.00000 1.0341225863 2.4797883034    1.030  1.593  3.6529  2.422    3  0.000  0.453     0.00     0.00     0.00     0.00     0.00 -1 -2.82e-11      0.00 6.919e-01 2.929e-01 2.252e-03 1.181e-03 6.635e-03 -1.000 1.514e-02 0.788 0.935 1.539 1.580 0.191
0.0152 0.01508 10.00000 1.0342770815 2.4798181057    1.030  1.639  3.6502  2.364    3  0.000  0.453     0.00     0.00     0.00     0.00     0.00 -1 -3.35e-11      0.00 6.919e-01 2.929e-01 2.252e-03 1.181e-03 6.635e-03 -1.000 1.514e-02 0.672 0.830 1.444 1.485 0.079
0.0152 0.01508 10.00000 1.0344238281 2.4798467159    1.030  1.687  3.6474  2.306    3  0.000  0.452     0.00     0.00     0.00     0.00     0.00 -1    -4e-11      0.00 6.919e-01 2.929e-01 2.252e-03 1.182e-03 6.635e-03 -1.000 1.514e-02 0.553 0.724 1.348 1.390 -0.035
0.0152 0.01508 10.00000 1.0345529318 2.4798715115    1.030  1.733  3.6446  2.249    3  0.000  0.452     0.00     0.00     0.00     0.00     0.00 -1 -4.74e-11      0.00 6.919e-01 2.929e-01 2.252e-03 1.182e-03 6.635e-03 -1.000 1.514e-02 0.439 0.623 1.258 1.300 -0.143
0.0152 0.01508 10.00000 1.0346741676 2.4798951149    1.030  1.779  3.6417  2.191    3  0.000  0.452     0.00     0.00     0.00     0.00     0.00 -1 -5.64e-11      0.00 6.919e-01 2.929e-01 2.252e-03 1.182e-03 6.635e-03 -1.000 1.514e-02 0.322 0.520 1.166 1.208 -0.254
0.0152 0.01508 10.00000 1.0347834826 2.4799163342    1.030  1.825  3.6389  2.134    3  0.000  0.452     0.00     0.00     0.00     0.00     0.00 -1 -6.69e-11      0.00 6.919e-01 2.929e-01 2.252e-03 1.182e-03 6.635e-03 -1.000 1.514e-02 0.208 0.420 1.077 1.119 -0.362
0.0152 0.01508 10.00000 1.0348836184 2.4799356461    1.030  1.870  3.6360  2.077    3  0.000  0.452     0.00     0.00     0.00     0.00     0.00 -1 -7.93e-11      0.00 6.919e-01 2.929e-01 2.252e-03 1.182e-03 6.636e-03 -1.000 1.514e-02 0.095 0.322 0.991 1.034 -0.468
0.0152 0.01508 10.00000 1.0349775553 2.4799537659    1.030  1.916  3.6330  2.019    3  0.000  0.452     0.00     0.00     0.00     0.00     0.00 -1 -9.42e-11      0.00 6.919e-01 2.929e-01 2.251e-03 1.183e-03 6.636e-03 -1.000 1.514e-02 -0.019 0.223 0.905 0.948 -0.576
0.0152 0.01508 10.00000 1.0350606441 2.4799699783    1.029  1.960  3.6301  1.963    3  0.000  0.452     0.00     0.00     0.00     0.00     0.00 -1 -1.11e-10      0.00 6.919e-01 2.929e-01 2.251e-03 1.183e-03 6.636e-03 -1.000 1.514e-02 -0.130 0.128 0.820 0.863 -0.679
0.0152 0.01508 10.00000 1.0351366997 2.4799845219    1.029  2.004  3.6271  1.907    3  0.000  0.452     0.00     0.00     0.00     0.00     0.00 -1 -1.31e-10      0.00 6.919e-01 2.929e-01 2.251e-03 1.183e-03 6.636e-03 -1.000 1.514e-02 -0.240 0.035 0.739 0.781 -0.779
0.0152 0.01508 10.00000 1.0352082253 2.4799983501    1.029  2.049  3.6241  1.850    3  0.000  0.452     0.00     0.00     0.00     0.00     0.00 -1 -1.56e-10      0.00 6.919e-01 2.929e-01 2.251e-03 1.183e-03 6.636e-03 -1.000 1.514e-02 -0.353 -0.060 0.654 0.697 -0.881
0.0152 0.01508 10.00000 1.0352715254 2.4800107479    1.029  2.092  3.6211  1.794    3  0.000  0.452     0.00     0.00     0.00     0.00     0.00 -1 -1.84e-10      0.00 6.919e-01 2.930e-01 2.251e-03 1.183e-03 6.636e-03 -1.000 1.514e-02 -0.461 -0.151 0.573 0.616 -0.979
0.0152 0.01508 10.00000 1.0353313684 2.4800221920    1.028  2.137  3.6180  1.737    3  0.000  0.452     0.00     0.00     0.00     0.00     0.00 -1 -2.17e-10      0.00 6.919e-01 2.930e-01 2.251e-03 1.183e-03 6.636e-03 -1.000 1.514e-02 -0.572 -0.244 0.491 0.534 -1.079
0.0152 0.01508 10.00000 1.0353835821 2.4800322056    1.028  2.179  3.6150  1.683    3  0.000  0.452     0.00     0.00     0.00     0.00     0.00 -1 -2.55e-10      0.00 6.919e-01 2.930e-01 2.251e-03 1.183e-03 6.636e-03 -1.000 1.514e-02 -0.676 -0.330 0.415 0.459 -1.172
0.0152 0.01508 10.00000 1.0354336500 2.4800419807    1.027  2.222  3.6119  1.627    3  0.000  0.452     0.00     0.00     0.00     0.00     0.00 -1    -3e-10      0.00 6.919e-01 2.930e-01 2.251e-03 1.183e-03 6.636e-03 -1.000 1.514e-02 -0.785 -0.419 0.336 0.379 -1.269
0.0152 0.01508 10.00000 1.0354794264 2.4800508022    1.027  2.265  3.6087  1.572    3  0.000  0.452     0.00     0.00     0.00     0.00     0.00 -1 -3.54e-10      0.00 6.919e-01 2.930e-01 2.251e-03 1.183e-03 6.636e-03 -1.000 1.514e-02 -0.892 -0.506 0.259 0.302 -1.363
0.0152 0.01508 10.00000 1.0355205536 2.4800586700    1.026  2.306  3.6056  1.518    3  0.000  0.452     0.00     0.00     0.00     0.00     0.00 -1 -4.14e-10      0.00 6.919e-01 2.930e-01 2.251e-03 1.183e-03 6.636e-03 -1.000 1.514e-02 -0.995 -0.588 0.188 0.231 -1.453
0.0152 0.01508 10.00000 1.0355592966 2.4800662994    1.026  2.348  3.6024  1.463    3  0.000  0.452     0.00     0.00     0.00     0.00     0.00 -1 -4.87e-10      0.00 6.919e-01 2.930e-01 2.251e-03 1.183e-03 6.636e-03 -1.000 1.514e-02 -1.100 -0.671 0.119 0.162 -1.546
0.0152 0.01508 10.00000 1.0355945826 2.4800729752    1.025  2.389  3.5992  1.408    3  0.000  0.452     0.00     0.00     0.00     0.00     0.00 -1 -5.71e-10      0.00 6.919e-01 2.930e-01 2.251e-03 1.183e-03 6.636e-03 -1.000 1.514e-02 -1.204 -0.751 0.056 0.099 -1.637
0.0152 0.01508 10.00000 1.0356268883 2.4800794125    1.025  2.430  3.5960  1.354    3  0.000  0.452     0.00     0.00     0.00     0.00     0.00 -1 -6.68e-10      0.00 6.919e-01 2.930e-01 2.251e-03 1.184e-03 6.636e-03 -1.000 1.514e-02 -1.305 -0.827 0.000 0.043 -1.724
0.0152 0.01508 10.00000 1.0356571674 2.4800851345    1.024  2.471  3.5927  1.300    3  0.000  0.452     0.00     0.00     0.00     0.00     0.00 -1 -7.82e-10      0.00 6.919e-01 2.930e-01 2.251e-03 1.184e-03 6.636e-03 -1.000 1.514e-02 -1.408 -0.903 -0.056 -0.014 -1.812
0.0152 0.01508 10.00000 1.0356844664 2.4800903797    1.023  2.511  3.5895  1.247    3  0.000  0.452     0.00     0.00     0.00     0.00     0.00 -1 -9.12e-10      0.00 6.919e-01 2.930e-01 2.251e-03 1.184e-03 6.636e-03 -1.000 1.514e-02 -1.507 -0.975 -0.109 -0.067 -1.897
0.0152 0.01508 10.00000 1.0357092619 2.4800951481    1.022  2.550  3.5862  1.195    3  0.000  0.452     0.00     0.00     0.00     0.00     0.00 -1 -1.06e-09      0.00 6.919e-01 2.930e-01 2.251e-03 1.184e-03 6.636e-03 -1.000 1.514e-02 -1.604 -1.041 -0.151 -0.109 -1.977
0.0152 0.01508 10.00000 1.0357328653 2.4800996780    1.021  2.589  3.5828  1.141    3  0.000  0.452     0.00     0.00     0.00     0.00     0.00 -1 -1.24e-09      0.00 6.919e-01 2.930e-01 2.251e-03 1.184e-03 6.636e-03 -1.000 1.514e-02 -1.703 -1.109 -0.194 -0.152 -2.058
0.0152 0.01508 10.00000 1.0357542038 2.4801039696    1.020  2.627  3.5795  1.089    3  0.000  0.452     0.00     0.00     0.00     0.00     0.00 -1 -1.44e-09      0.00 6.919e-01 2.930e-01 2.251e-03 1.184e-03 6.636e-03 -1.000 1.514e-02 -1.799 -1.173 -0.233 -0.192 -2.136
0.0152 0.01508 10.00000 1.0357739925 2.4801077843    1.019  2.665  3.5761  1.038    3  0.000  0.452     0.00     0.00     0.00     0.00     0.00 -1 -1.67e-09      0.00 6.919e-01 2.930e-01 2.251e-03 1.184e-03 6.636e-03 -1.000 1.514e-02 -1.893 -1.229 -0.256 -0.215 -2.209
0.0152 0.01508 10.00000 1.0357925892 2.4801113605    1.018  2.703  3.5726  0.985    3  0.000  0.452     0.00     0.00     0.00     0.00     0.00 -1 -1.93e-09      0.00 6.919e-01 2.930e-01 2.251e-03 1.184e-03 6.636e-03 -1.000 1.514e-02 -1.988 -1.284 -0.277 -0.237 -2.282
0.0152 0.01508 10.00000 1.0358099937 2.4801146984    1.017  2.741  3.5691  0.933    3  0.000  0.452     0.00     0.00     0.00     0.00     0.00 -1 -2.24e-09      0.00 6.919e-01 2.930e-01 2.251e-03 1.184e-03 6.636e-03 -1.000 1.514e-02 -2.081 -1.336 -0.292 -0.251 -2.352
0.0152 0.01508 10.00000 1.0358296633 2.4801185131    1.015  2.786  3.5648  0.870    3  0.000  0.452     0.00     0.00     0.00     0.00     0.00 -1 -2.68e-09      0.00 6.919e-01 2.930e-01 2.250e-03 1.184e-03 6.636e-03 -1.000 1.514e-02 -2.195 -1.390 -0.287 -0.248 -2.432
0.0152 0.01508 10.00000 1.0358475447 2.4801218510    1.014  2.830  3.5605  0.808    3  0.000  0.452     0.00     0.00     0.00     0.00     0.00 -1  -3.2e-09      0.00 6.919e-01 2.930e-01 2.250e-03 1.184e-03 6.636e-03 -1.000 1.514e-02 -2.305 -1.441 -0.281 -0.242 -2.508
0.0152 0.01508 10.00000 1.0358639956 2.4801251888    1.012  2.873  3.5561  0.746    3  0.000  0.452     0.00     0.00     0.00     0.00     0.00 -1  -3.8e-09      0.00 6.919e-01 2.930e-01 2.250e-03 1.184e-03 6.636e-03 -1.000 1.514e-02 -2.414 -1.482 -0.249 -0.211 -2.577
0.0152 0.01508 10.00000 1.0358792543 2.4801280499    1.009  2.917  3.5517  0.684    3  0.000  0.452     0.00     0.00     0.00     0.00     0.00 -1 -4.53e-09      0.00 6.919e-01 2.930e-01 2.250e-03 1.184e-03 6.636e-03 -1.000 1.514e-02 -2.522 -1.519 -0.210 -0.172 -2.643
0.0152 0.01508 10.00000 1.0358933210 2.4801306725    1.007  2.959  3.5472  0.623    3  0.000  0.452     0.00     0.00     0.00     0.00     0.00 -1 -5.38e-09      0.00 6.919e-01 2.930e-01 2.250e-03 1.184e-03 6.636e-03 -1.000 1.514e-02 -2.628 -1.546 -0.149 -0.112 -2.699
0.0152 0.01508 10.00000 1.0359063148 2.4801332951    1.004  3.000  3.5427  0.562    3  0.000  0.452     0.00     0.00     0.00     0.00     0.00 -1 -6.37e-09      0.00 6.919e-01 2.930e-01 2.250e-03 1.184e-03 6.636e-03 -1.000 1.514e-02 -2.731 -1.565 -0.072 -0.037 -2.748
0.0152 0.01508 10.00000 1.0359184742 2.4801356792    1.001  3.042  3.5381  0.501    3  0.000  0.452     0.00     0.00     0.00     0.00     0.00 -1 -7.55e-09      0.00 6.919e-01 2.930e-01 2.250e-03 1.184e-03 6.636e-03 -1.000 1.514e-02 -2.834 -1.578 0.018 0.052 -2.792
0.0152 0.01508 10.00000 1.0359295607 2.4801378250    0.998  3.082  3.5336  0.442    3  0.000  0.452     0.00     0.00     0.00     0.00     0.00 -1 -8.91e-09      0.00 6.919e-01 2.930e-01 2.250e-03 1.184e-03 6.636e-03 -1.000 1.514e-02 -2.935 -1.579 0.134 0.166 -2.824
0.0152 0.01508 10.00000 1.0359399319 2.4801397324    0.995  3.122  3.5290  0.382    3  0.000  0.452     0.00     0.00     0.00     0.00     0.00 -1 -1.05e-08      0.00 6.919e-01 2.930e-01 2.250e-03 1.184e-03 6.636e-03 -1.000 1.514e-02 -3.034 -1.574 0.260 0.290 -2.849
0.0152 0.01508 10.00000 1.0359495878 2.4801416397    0.991  3.160  3.5244  0.323    3  0.000  0.452     0.00     0.00     0.00     0.00     0.00 -1 -1.24e-08      0.00 6.919e-01 2.930e-01 2.250e-03 1.184e-03 6.636e-03 -1.000 1.514e-02 -3.131 -1.551 0.415 0.443 -2.854
0.0152 0.01508 10.00000 1.0359584093 2.4801433086    0.987  3.198  3.5197  0.265    3  0.000  0.452     0.00     0.00     0.00     0.00     0.00 -1 -1.45e-08      0.00 6.919e-01 2.930e-01 2.250e-03 1.184e-03 6.636e-03 -1.000 1.514e-02 -3.226 -1.521 0.582 0.607 -2.854
0.0152 0.01508 10.00000 1.0359668732 2.4801449776    0.982  3.236  3.5150  0.207    3  0.000  0.452     0.00     0.00     0.00     0.00     0.00 -1  -1.7e-08      0.00 6.919e-01 2.930e-01 2.250e-03 1.184e-03 6.636e-03 -1.000 1.514e-02 -3.319 -1.461 0.795 0.816 -2.821
0.0152 0.01508 10.00000 1.0359747410 2.4801464081    0.977  3.272  3.5103  0.149    3  0.000  0.452     0.00     0.00     0.00     0.00     0.00 -1 -1.99e-08      0.00 6.919e-01 2.930e-01 2.250e-03 1.184e-03 6.636e-03 -1.000 1.514e-02 -3.411 -1.398 1.014 1.031 -2.785
0.0152 0.01508 10.00000 1.0359820127 2.4801478386    0.972  3.308  3.5056  0.092    3  0.000  0.452     0.00     0.00     0.00     0.00     0.00 -1 -2.31e-08      0.00 6.919e-01 2.930e-01 2.250e-03 1.184e-03 6.636e-03 -1.000 1.514e-02 -3.501 -1.349 1.185 1.198 -2.758
0.0152 0.01508 10.00000 1.0359889269 2.4801492691    0.966  3.343  3.5010  0.036    3  0.000  0.452     0.00     0.00     0.00     0.00     0.00 -1 -2.68e-08      0.00 6.919e-01 2.930e-01 2.250e-03 1.184e-03 6.636e-03 -1.000 1.514e-02 -3.588 -1.289 1.369 1.379 -2.720
0.0152 0.01508 10.00000 1.0359956026 2.4801504612    0.959  3.378  3.4964 -0.021    3  0.000  0.452     0.00     0.00     0.00     0.00     0.00 -1 -3.11e-08      0.00 6.919e-01 2.930e-01 2.250e-03 1.184e-03 6.636e-03 -1.000 1.514e-02 -3.674 -1.232 1.531 1.537 -2.681
0.0152 0.01508 10.00000 1.0360008478 2.4801514149    0.953  3.403  3.4929 -0.063    3  0.000  0.452     0.00     0.00     0.00     0.00     0.00 -1 -3.48e-08      0.00 6.919e-01 2.930e-01 2.250e-03 1.184e-03 6.636e-03 -1.000 1.514e-02 -3.738 -1.191 1.644 1.647 -2.654
0.0152 0.01508 10.00000 1.0360008478 2.4801514149    0.953  1.679  3.6673  2.359    4  0.000  0.472     0.00     0.00     0.00     0.00     0.00 -1    -1e-30      0.00 6.947e-01 2.902e-01 2.340e-03 1.062e-03 6.610e-03 -1.000 1.507e-02 0.572 0.661 1.219 1.259 -0.048
0.0152 0.01508 10.00000 1.0360877514 2.4801683426    0.953  1.687  3.6668  2.349    4  0.000  0.472     0.00     0.00     0.00     0.00     0.00 -1    -1e-30      0.00 6.947e-01 2.902e-01 2.340e-03 1.063e-03 6.610e-03 -1.000 1.507e-02 0.553 0.644 1.204 1.244 -0.066
0.0152 0.01508 10.00000 1.0361766815 2.4801855087    0.953  1.690  3.6666  2.345    4  0.000  0.472     0.00     0.00     0.00     0.00     0.00 -1    -1e-30      0.00 6.947e-01 2.902e-01 2.340e-03 1.063e-03 6.610e-03 -1.000 1.507e-02 0.544 0.635 1.196 1.236 -0.075
0.0152 0.01508 10.00000 1.0362657309 2.4802026749    0.953  1.690  3.6668  2.346    4  0.000  0.472     0.00     0.00     0.00     0.00     0.00 -1    -1e-30      0.00 6.947e-01 2.902e-01 2.340e-03 1.063e-03 6.610e-03 -1.000 1.507e-02 0.544 0.635 1.195 1.235 -0.075
0.0152 0.01508 10.00000 1.0363553762 2.4802198410    0.953  1.688  3.6672  2.350    4  0.000  0.472     0.00     0.00     0.00     0.00     0.00 -1    -1e-30      0.00 6.947e-01 2.902e-01 2.340e-03 1.063e-03 6.610e-03 -1.000 1.507e-02 0.550 0.639 1.198 1.238 -0.070
0.0152 0.01508 10.00000 1.0364483595 2.4802377224    0.953  1.685  3.6677  2.355    4  0.000  0.472     0.00     0.00     0.00     0.00     0.00 -1    -1e-30      0.00 6.947e-01 2.902e-01 2.340e-03 1.063e-03 6.610e-03 -1.000 1.508e-02 0.557 0.644 1.201 1.241 -0.063
0.0152 0.01508 10.00000 1.0365377665 2.4802551270    0.953  1.682  3.6683  2.360    4  0.000  0.472     0.00     0.00     0.00     0.00     0.00 -1    -1e-30      0.00 6.947e-01 2.902e-01 2.340e-03 1.063e-03 6.610e-03 -1.000 1.508e-02 0.564 0.649 1.205 1.245 -0.057
0.0152 0.01508 10.00000 1.0366318226 2.4802732468    0.954  1.679  3.6688  2.365    4  0.000  0.472     0.00     0.00     0.00     0.00     0.00 -1    -1e-30      0.00 6.947e-01 2.902e-01 2.340e-03 1.063e-03 6.610e-03 -1.000 1.508e-02 0.572 0.655 1.209 1.248 -0.050
0.0152 0.01508 10.00000 1.0367223024 2.4802906513    0.954  1.676  3.6693  2.370    4  0.000  0.472     0.00     0.00     0.00     0.00     0.00 -1    -1e-30      0.00 6.947e-01 2.902e-01 2.340e-03 1.063e-03 6.610e-03 -1.000 1.508e-02 0.579 0.660 1.212 1.252 -0.044
0.0152 0.01508 10.00000 1.0368109941 2.4803075790    0.954  1.674  3.6698  2.375    4  0.000  0.472     0.00     0.00     0.00     0.00     0.00 -1    -1e-30      0.00 6.947e-01 2.902e-01 2.340e-03 1.064e-03 6.610e-03 -1.000 1.508e-02 0.585 0.664 1.215 1.255 -0.038
0.0152 0.01508 10.00000 1.0369075537 2.4803261757    0.954  1.672  3.6702  2.379    4  0.000  0.472     0.00     0.00     0.00     0.00     0.00 -1    -1e-30      0.00 6.947e-01 2.902e-01 2.340e-03 1.064e-03 6.610e-03 -1.000 1.508e-02 0.591 0.669 1.218 1.258 -0.033
0.0152 0.01508 10.00000 1.0370041132 2.4803447723    0.954  1.670  3.6707  2.383    4  0.000  0.472     0.00     0.00     0.00     0.00     0.00 -1    -1e-30      0.00 6.947e-01 2.903e-01 2.339e-03 1.064e-03 6.610e-03 -1.000 1.508e-02 0.596 0.672 1.220 1.260 -0.028
0.0152 0.01508 10.00000 1.0371010303 2.4803636074    0.954  1.668  3.6710  2.386    4  0.000  0.472     0.00     0.00     0.00     0.00     0.00 -1    -1e-30      0.00 6.947e-01 2.903e-01 2.339e-03 1.064e-03 6.611e-03 -1.000 1.508e-02 0.601 0.676 1.222 1.262 -0.024
0.0152 0.01508 10.00000 1.0371954441 2.4803817272    0.954  1.666  3.6713  2.389    4  0.000  0.472     0.00     0.00     0.00     0.00     0.00 -1    -1e-30      0.00 6.947e-01 2.903e-01 2.339e-03 1.064e-03 6.611e-03 -1.000 1.508e-02 0.604 0.678 1.224 1.264 -0.020
0.0152 0.01508 10.00000 1.0372377634 2.4803898335    0.954  1.666  3.6715  2.390    4  0.000  0.472     0.00     0.00     0.00     0.00     0.00 -1    -1e-30      0.00 6.947e-01 2.903e-01 2.339e-03 1.064e-03 6.611e-03 -1.000 1.508e-02 0.606 0.679 1.225 1.264 -0.019
0.0152 0.01508 10.00000 1.0372672081 2.4803955555    0.954  1.665  3.6716  2.391    4  0.000  0.472     0.00     0.00     0.00     0.00     0.00 -1    -1e-30      0.00 6.947e-01 2.903e-01 2.339e-03 1.064e-03 6.611e-03 -1.000 1.508e-02 0.607 0.680 1.225 1.265 -0.018
0.0152 0.01508 10.00000 1.0373581648 2.4804129601    0.954  1.664  3.6718  2.393    4  0.000  0.472     0.00     0.00     0.00     0.00     0.00 -1    -1e-30      0.00 6.947e-01 2.903e-01 2.339e-03 1.064e-03 6.611e-03 -1.000 1.508e-02 0.609 0.681 1.226 1.265 -0.016
0.0152 0.01508 10.00000 1.0374464989 2.4804301262    0.955  1.664  3.6720  2.394    4  0.000  0.472     0.00     0.00     0.00     0.00     0.00 -1    -1e-30      0.00 6.947e-01 2.903e-01 2.339e-03 1.065e-03 6.611e-03 -1.000 1.508e-02 0.611 0.682 1.226 1.266 -0.014
0.0152 0.01508 10.00000 1.0375312567 2.4804463387    0.955  1.663  3.6722  2.395    4  0.000  0.472     0.00     0.00     0.00     0.00     0.00 -1    -1e-30      0.00 6.947e-01 2.903e-01 2.339e-03 1.065e-03 6.611e-03 -1.000 1.508e-02 0.612 0.683 1.226 1.266 -0.014
0.0152 0.01508 10.00000 1.0376223326 2.4804637432    0.955  1.663  3.6723  2.396    4  0.000  0.472     0.00     0.00     0.00     0.00     0.00 -1    -1e-30      0.00 6.946e-01 2.903e-01 2.339e-03 1.065e-03 6.611e-03 -1.000 1.508e-02 0.612 0.683 1.226 1.265 -0.013
0.0152 0.01508 10.00000 1.0377086401 2.4804804325    0.955  1.663  3.6724  2.396    4  0.000  0.472     0.00     0.00     0.00     0.00     0.00 -1    -1e-30      0.00 6.946e-01 2.903e-01 2.339e-03 1.065e-03 6.611e-03 -1.000 1.508e-02 0.612 0.682 1.225 1.264 -0.014
0.0152 0.01508 10.00000 1.0377969742 2.4804973602    0.955  1.664  3.6724  2.396    4  0.000  0.472     0.00     0.00     0.00     0.00     0.00 -1    -1e-30      0.00 6.946e-01 2.903e-01 2.339e-03 1.065e-03 6.611e-03 -1.000 1.508e-02 0.610 0.680 1.223 1.263 -0.016
0.0152 0.01508 10.00000 1.0378836393 2.4805140495    0.955  1.665  3.6724  2.394    4  0.000  0.472     0.00     0.00     0.00     0.00     0.00 -1    -1e-30      0.00 6.946e-01 2.903e-01 2.339e-03 1.065e-03 6.611e-03 -1.000 1.508e-02 0.607 0.678 1.221 1.260 -0.018
0.0152 0.01508 10.00000 1.0378897190 2.4805152416    0.955  1.665  3.6724  2.394    4  0.000  0.472     0.00     0.00     0.00     0.00     0.00 -1    -1e-30      0.00 6.946e-01 2.903e-01 2.339e-03 1.065e-03 6.611e-03 -1.000 1.508e-02 0.607 0.677 1.220 1.260 -0.019
0.0152 0.01508 10.00000 1.0379265547 2.4805223942    0.955  1.666  3.6723  2.394    4  0.000  0.472     0.00     0.00     0.00     0.00     0.00 -1    -1e-30      0.00 6.946e-01 2.903e-01 2.339e-03 1.065e-03 6.611e-03 -1.000 1.508e-02 0.606 0.676 1.219 1.259 -0.020
0.0152 0.01508 10.00000 1.0380172729 2.4805397987    0.955  1.668  3.6722  2.391    4  0.000  0.472     0.00     0.00     0.00     0.00     0.00 -1    -1e-30      0.00 6.946e-01 2.903e-01 2.338e-03 1.065e-03 6.611e-03 -1.000 1.508e-02 0.601 0.672 1.215 1.255 -0.025
0.0152 0.01508 10.00000 1.0381066799 2.4805569649    0.955  1.670  3.6720  2.388    4  0.000  0.472     0.00     0.00     0.00     0.00     0.00 -1    -1e-30      0.00 6.946e-01 2.903e-01 2.338e-03 1.065e-03 6.611e-03 -1.000 1.508e-02 0.595 0.666 1.210 1.250 -0.031
0.0152 0.01508 10.00000 1.0381959677 2.4805741310    0.955  1.673  3.6718  2.384    4  0.000  0.472     0.00     0.00     0.00     0.00     0.00 -1    -1e-30      0.00 6.946e-01 2.903e-01 2.338e-03 1.066e-03 6.611e-03 -1.000 1.508e-02 0.587 0.659 1.204 1.244 -0.038
0.0152 0.01508 10.00000 1.0382874012 2.4805915356    0.956  1.677  3.6714  2.379    4  0.000  0.472     0.00     0.00     0.00     0.00     0.00 -1    -1e-30      0.00 6.946e-01 2.903e-01 2.338e-03 1.066e-03 6.611e-03 -1.000 1.508e-02 0.577 0.651 1.197 1.236 -0.048
0.0152 0.01508 10.00000 1.0383776426 2.4806089401    0.956  1.682  3.6710  2.372    4  0.000  0.472     0.00     0.00     0.00     0.00     0.00 -1    -1e-30      0.00 6.946e-01 2.903e-01 2.338e-03 1.066e-03 6.611e-03 -1.000 1.508e-02 0.565 0.640 1.187 1.227 -0.059
0.0152 0.01508 10.00000 1.0384677649 2.4806263447    0.956  1.687  3.6705  2.365    4  0.000  0.472     0.00     0.00     0.00     0.00     0.00 -1    -1e-30      0.00 6.946e-01 2.903e-01 2.338e-03 1.066e-03 6.611e-03 -1.000 1.508e-02 0.551 0.628 1.177 1.217 -0.073
0.0152 0.01508 10.00000 1.0385576487 2.4806435108    0.956  1.694  3.6699  2.356    4  0.000  0.472     0.00     0.00     0.00     0.00     0.00 -1    -1e-30      0.00 6.946e-01 2.903e-01 2.338e-03 1.066e-03 6.611e-03 -1.000 1.508e-02 0.536 0.615 1.166 1.205 -0.087
0.0152 0.01508 10.00000 1.0386466980 2.4806606770    0.956  1.701  3.6692  2.346    4  0.000  0.472     0.00     0.00     0.00     0.00     0.00 -1    -1e-30      0.00 6.946e-01 2.903e-01 2.338e-03 1.066e-03 6.611e-03 -1.000 1.508e-02 0.518 0.599 1.152 1.192 -0.105
0.0152 0.01508 10.00000 1.0387382507 2.4806780815    0.956  1.707  3.6686  2.338    4  0.000  0.472     0.00     0.00     0.00     0.00     0.00 -1    -1e-30      0.00 6.946e-01 2.903e-01 2.338e-03 1.066e-03 6.611e-03 -1.000 1.508e-02 0.503 0.587 1.142 1.182 -0.119
0.0152 0.01508 10.00000 1.0388308764 2.4806959629    0.956  1.713  3.6680  2.329    4  0.000  0.472     0.00     0.00     0.00     0.00     0.00 -1    -1e-30      0.00 6.946e-01 2.903e-01 2.338e-03 1.066e-03 6.611e-03 -1.000 1.508e-02 0.487 0.573 1.129 1.169 -0.135
0.0152 0.01508 10.00000 1.0389230251 2.4807136059    0.956  1.740  3.6655  2.292    4  0.000  0.472     0.00     0.00     0.00     0.00     0.00 -1    -1e-30      0.00 6.946e-01 2.903e-01 2.338e-03 1.067e-03 6.611e-03 -1.000 1.508e-02 0.419 0.515 1.080 1.120 -0.199
0.0152 0.01508 10.00000 1.0389945507 2.4807271957    0.956  1.779  3.6619  2.239    4  0.000  0.472     0.00     0.00     0.00     0.00     0.00 -1    -1e-30      0.00 6.946e-01 2.903e-01 2.337e-03 1.067e-03 6.611e-03 -1.000 1.508e-02 0.323 0.432 1.008 1.049 -0.291
0.0152 0.01508 10.00000 1.0390301943 2.4807341099    0.956  1.817  3.6583  2.187    4  0.000  0.472     0.00     0.00     0.00     0.00     0.00 -1    -1e-30      0.00 6.946e-01 2.903e-01 2.337e-03 1.067e-03 6.611e-03 -1.000 1.508e-02 0.228 0.351 0.940 0.981 -0.381
0.0152 0.01508 10.00000 1.0390502214 2.4807379246    0.956  1.858  3.6545  2.130    4  0.000  0.472     0.00     0.00     0.00     0.00     0.00 -1    -1e-30      0.00 6.946e-01 2.903e-01 2.337e-03 1.067e-03 6.611e-03 -1.000 1.508e-02 0.124 0.263 0.865 0.906 -0.478
0.0152 0.01508 10.00000 1.0390599966 2.4807398319    0.956  1.897  3.6510  2.077    4  0.000  0.472     0.00     0.00     0.00     0.00     0.00 -1    -1e-30      0.00 6.946e-01 2.903e-01 2.337e-03 1.067e-03 6.611e-03 -1.000 1.508e-02 0.027 0.181 0.795 0.837 -0.570
0.0152 0.01508 10.00000 1.0390653610 2.4807407856    0.956  1.936  3.6475  2.025    4  0.000  0.472     0.00     0.00     0.00     0.00     0.00 -1    -1e-30      0.00 6.946e-01 2.903e-01 2.337e-03 1.067e-03 6.611e-03 -1.000 1.508e-02 -0.070 0.100 0.727 0.769 -0.660
0.0152 0.01508 10.00000 1.0390684605 2.4807415009    0.956  1.975  3.6440  1.972    4  0.000  0.472     0.00     0.00     0.00     0.00     0.00 -1    -1e-30      0.00 6.946e-01 2.903e-01 2.337e-03 1.067e-03 6.611e-03 -1.000 1.508e-02 -0.167 0.019 0.659 0.701 -0.750
0.0152 0.01508 10.00000 1.0390704870 2.4807417393    0.956  2.014  3.6405  1.919    4  0.000  0.472     0.00     0.00     0.00     0.00     0.00 -1    -1e-30      0.00 6.946e-01 2.903e-01 2.337e-03 1.067e-03 6.611e-03 -1.000 1.508e-02 -0.265 -0.062 0.588 0.631 -0.840
0.0152 0.01508 10.00000 1.0390715599 2.4807419777    0.956  2.041  3.6382  1.883    7  0.000  0.472     0.00     0.00     0.00     0.00     0.00 -1    -1e-30      0.00 6.946e-01 2.903e-01 2.337e-03 1.067e-03 6.611e-03 -1.000 1.508e-02 -0.332 -0.118 0.541 0.584 -0.901
0.0152 0.01508 10.00000 1.0390719175 2.4807422161    0.956  2.051  3.6373  1.869    7  0.000  0.472     0.00     0.00     0.00     0.00     0.00 -1    -1e-30      0.00 6.946e-01 2.903e-01 2.337e-03 1.067e-03 6.611e-03 -1.000 1.508e-02 -0.357 -0.138 0.524 0.567 -0.923
0.0152 0.01508 10.00000 1.0390735865 2.4807424545    0.956  2.098  3.6333  1.806    7  0.000  0.472     0.00     0.00     0.00     0.00     0.00 -1    -1e-30      0.00 6.946e-01 2.903e-01 2.337e-03 1.067e-03 6.611e-03 -1.000 1.508e-02 -0.474 -0.234 0.442 0.485 -1.029
0.0152 0.01508 10.00000 1.0390750170 2.4807426929    0.956  2.136  3.6299  1.754    7  0.000  0.472     0.00     0.00     0.00     0.00     0.00 -1    -1e-30      0.00 6.946e-01 2.903e-01 2.337e-03 1.067e-03 6.611e-03 -1.000 1.508e-02 -0.571 -0.314 0.372 0.415 -1.116
0.0152 0.01508 10.00000 1.0390789509 2.4807434082    0.957  2.149  3.6289  1.737    7  0.000  0.472     0.00     0.00     0.00     0.00     0.00 -1    -1e-30      0.00 6.946e-01 2.903e-01 2.337e-03 1.067e-03 6.611e-03 -1.000 1.508e-02 -0.602 -0.339 0.350 0.393 -1.144
0.0152 0.01508 10.00000 1.0390828848 2.4807441235    0.957  2.116  3.6318  1.782    7  0.000  0.472     0.00     0.00     0.00     0.00     0.00 -1    -1e-30      0.00 6.946e-01 2.903e-01 2.337e-03 1.067e-03 6.611e-03 -1.000 1.508e-02 -0.519 -0.272 0.409 0.451 -1.070
0.0152 0.01508 10.00000 1.0391182899 2.4807510376    0.956  2.089  3.6341  1.817    7  0.000  0.472     0.00     0.00     0.00     0.00     0.00 -1  -2.7e-17      0.00 6.946e-01 2.895e-01 2.337e-03 1.067e-03 6.611e-03 -1.000 1.594e-02 -0.453 -0.217 0.455 0.498 -1.011
0.0152 0.01508 10.00000 1.0391775370 2.4807622433    0.955  2.126  3.6308  1.767    7  0.000  0.472     0.00     0.00     0.00     0.00     0.00 -1  -7.6e-10      0.00 6.946e-01 2.890e-01 2.337e-03 1.067e-03 6.611e-03 -1.000 1.643e-02 -0.545 -0.293 0.391 0.434 -1.093
0.0152 0.01508 10.00000 1.0392121077 2.4807689190    0.954  2.167  3.6272  1.712    7  0.000  0.472     0.00     0.00     0.00     0.00     0.00 -1 -9.42e-10      0.00 6.946e-01 2.890e-01 2.337e-03 1.067e-03 6.611e-03 -1.000 1.643e-02 -0.647 -0.374 0.321 0.364 -1.183
0.0152 0.01508 10.00000 1.0392442942 2.4807751179    0.953  2.207  3.6237  1.657    7  0.000  0.472     0.00     0.00     0.00     0.00     0.00 -1 -1.16e-09      0.00 6.946e-01 2.890e-01 2.337e-03 1.067e-03 6.611e-03 -1.000 1.643e-02 -0.748 -0.455 0.252 0.295 -1.273
0.0152 0.01508 10.00000 1.0392729044 2.4807806015    0.952  2.249  3.6201  1.600    7  0.000  0.471     0.00     0.00     0.00     0.00     0.00 -1 -1.43e-09      0.00 6.946e-01 2.890e-01 2.337e-03 1.067e-03 6.611e-03 -1.000 1.643e-02 -0.852 -0.539 0.179 0.223 -1.364
0.0152 0.01508 10.00000 1.0392975807 2.4807853699    0.951  2.290  3.6165  1.544    7  0.000  0.471     0.00     0.00     0.00     0.00     0.00 -1 -1.77e-09      0.00 6.946e-01 2.890e-01 2.337e-03 1.067e-03 6.611e-03 -1.000 1.643e-02 -0.955 -0.620 0.110 0.153 -1.454
0.0152 0.01508 10.00000 1.0393191576 2.4807894230    0.949  2.331  3.6129  1.488    7  0.000  0.471     0.00     0.00     0.00     0.00     0.00 -1 -2.18e-09      0.00 6.946e-01 2.890e-01 2.337e-03 1.067e-03 6.611e-03 -1.000 1.643e-02 -1.058 -0.701 0.042 0.085 -1.544
0.0152 0.01508 10.00000 1.0393383503 2.4807932377    0.948  2.373  3.6092  1.431    7  0.000  0.471     0.00     0.00     0.00     0.00     0.00 -1 -2.69e-09      0.00 6.946e-01 2.890e-01 2.337e-03 1.067e-03 6.611e-03 -1.000 1.643e-02 -1.162 -0.781 -0.021 0.022 -1.635
0.0152 0.01508 10.00000 1.0393552780 2.4807963371    0.946  2.414  3.6056  1.374    7  0.000  0.471     0.00     0.00     0.00     0.00     0.00 -1 -3.34e-09      0.00 6.946e-01 2.890e-01 2.337e-03 1.067e-03 6.611e-03 -1.000 1.643e-02 -1.266 -0.860 -0.081 -0.038 -1.726
0.0152 0.01508 10.00000 1.0393704176 2.4807991982    0.944  2.456  3.6019  1.317    7  0.000  0.471     0.00     0.00     0.00     0.00     0.00 -1 -4.11e-09      0.00 6.946e-01 2.890e-01 2.337e-03 1.067e-03 6.611e-03 -1.000 1.643e-02 -1.369 -0.937 -0.140 -0.097 -1.815
0.0152 0.01508 10.00000 1.0393841267 2.4808018208    0.942  2.497  3.5982  1.260    7  0.000  0.471     0.00     0.00     0.00     0.00     0.00 -1 -5.02e-09      0.00 6.946e-01 2.890e-01 2.337e-03 1.067e-03 6.611e-03 -1.000 1.643e-02 -1.472 -1.011 -0.194 -0.151 -1.902
0.0152 0.01508 10.00000 1.0393968821 2.4808044434    0.940  2.537  3.5942  1.202    7  0.000  0.471     0.00     0.00     0.00     0.00     0.00 -1 -6.18e-09      0.00 6.946e-01 2.890e-01 2.336e-03 1.068e-03 6.611e-03 -1.000 1.642e-02 -1.574 -1.081 -0.240 -0.198 -1.986
0.0152 0.01508 10.00000 1.0394089222 2.4808065891    0.937  2.578  3.5891  1.140    7  0.000  0.471     0.00     0.00     0.00     0.00     0.00 -1 -7.59e-09      0.00 6.946e-01 2.890e-01 2.334e-03 1.069e-03 6.611e-03 -1.000 1.642e-02 -1.675 -1.140 -0.268 -0.226 -2.064
0.0152 0.01508 10.00000 1.0394204855 2.4808089733    0.934  2.619  3.5816  1.068    7  0.000  0.470     0.00     0.00     0.00     0.00     0.00 -1  -9.2e-09      0.00 6.946e-01 2.890e-01 2.330e-03 1.071e-03 6.612e-03 -1.000 1.639e-02 -1.777 -1.173 -0.248 -0.206 -2.127
0.0152 0.01508 10.00000 1.0394313335 2.4808108807    0.930  2.660  3.5773  1.008    7  0.000  0.469     0.00     0.00     0.00     0.00     0.00 -1 -1.13e-08      0.00 6.946e-01 2.891e-01 2.325e-03 1.078e-03 6.612e-03 -1.000 1.637e-02 -1.879 -1.229 -0.266 -0.225 -2.203
0.0152 0.01508 10.00000 1.0394414663 2.4808130264    0.926  2.700  3.5731  0.948    7  0.000  0.467     0.00     0.00     0.00     0.00     0.00 -1 -1.38e-08      0.00 6.946e-01 2.891e-01 2.317e-03 1.086e-03 6.612e-03 -1.000 1.637e-02 -1.981 -1.282 -0.278 -0.237 -2.278
0.0152 0.01508 10.00000 1.0394508839 2.4808146954    0.921  2.742  3.5687  0.887    7  0.000  0.466     0.00     0.00     0.00     0.00     0.00 -1  -1.7e-08      0.00 6.946e-01 2.891e-01 2.309e-03 1.095e-03 6.612e-03 -1.000 1.637e-02 -2.084 -1.332 -0.280 -0.240 -2.352
0.0152 0.01508 10.00000 1.0394591093 2.4808163643    0.916  2.785  3.5640  0.822    7  0.000  0.464     0.00     0.00     0.00     0.00     0.00 -1 -2.11e-08      0.00 6.946e-01 2.891e-01 2.302e-03 1.104e-03 6.612e-03 -1.000 1.637e-02 -2.193 -1.377 -0.262 -0.223 -2.424
0.0152 0.01508 10.00000 1.0394649506 2.4808173180    0.911  2.828  3.5591  0.758    7  0.000  0.463     0.00     0.00     0.00     0.00     0.00 -1 -2.59e-08      0.00 6.946e-01 2.891e-01 2.296e-03 1.112e-03 6.612e-03 -1.000 1.636e-02 -2.300 -1.416 -0.235 -0.196 -2.492
0.0152 0.01508 10.00000 1.0394688845 2.4808182716    0.907  2.868  3.5545  0.697    7  0.000  0.462     0.00     0.00     0.00     0.00     0.00 -1 -3.13e-08      0.00 6.946e-01 2.891e-01 2.290e-03 1.119e-03 6.612e-03 -1.000 1.636e-02 -2.401 -1.443 -0.181 -0.143 -2.549
0.0152 0.01508 10.00000 1.0394723415 2.4808187485    0.903  2.908  3.5497  0.636    7  0.000  0.461     0.00     0.00     0.00     0.00     0.00 -1  -3.8e-08      0.00 6.946e-01 2.891e-01 2.285e-03 1.124e-03 6.612e-03 -1.000 1.636e-02 -2.501 -1.467 -0.122 -0.085 -2.603
0.0152 0.01508 10.00000 1.0394754410 2.4808194637    0.899  2.948  3.5448  0.575    7  0.000  0.460     0.00     0.00     0.00     0.00     0.00 -1 -4.56e-08      0.00 6.946e-01 2.891e-01 2.281e-03 1.129e-03 6.612e-03 -1.000 1.636e-02 -2.600 -1.475 -0.026 0.009 -2.643
0.0152 0.01508 10.00000 1.0394783020 2.4808199406    0.894  2.987  3.5400  0.515    7  0.000  0.460     0.00     0.00     0.00     0.00     0.00 -1 -5.46e-08      0.00 6.946e-01 2.891e-01 2.279e-03 1.133e-03 6.612e-03 -1.000 1.636e-02 -2.697 -1.482 0.068 0.103 -2.683
0.0152 0.01508 10.00000 1.0394809246 2.4808204174    0.889  3.022  3.5354  0.458    7  0.000  0.459     0.00     0.00     0.00     0.00     0.00 -1 -6.51e-08      0.00 6.946e-01 2.891e-01 2.277e-03 1.135e-03 6.612e-03 -1.000 1.633e-02 -2.786 -1.469 0.200 0.233 -2.702
0.0152 0.01508 10.00000 1.0394835472 2.4808208942    0.883  3.058  3.5305  0.400    7  0.000  0.459     0.00     0.00     0.00     0.00     0.00 -1 -7.71e-08      0.00 6.946e-01 2.891e-01 2.277e-03 1.136e-03 6.612e-03 -1.000 1.633e-02 -2.875 -1.451 0.343 0.373 -2.717
0.0152 0.01508 10.00000 1.0394862890 2.4808216095    0.875  3.094  3.5254  0.339    7  0.000  0.459     0.00     0.00     0.00     0.00     0.00 -1 -9.26e-08      0.00 6.946e-01 2.891e-01 2.276e-03 1.136e-03 6.612e-03 -1.000 1.633e-02 -2.965 -1.411 0.527 0.555 -2.708
0.0152 0.01508 10.00000 1.0394891500 2.4808220863    0.865  3.129  3.5203  0.279    7  0.000  0.459     0.00     0.00     0.00     0.00     0.00 -1 -1.11e-07      0.00 6.946e-01 2.891e-01 2.276e-03 1.136e-03 6.612e-03 -1.000 1.633e-02 -3.052 -1.365 0.719 0.745 -2.693
0.0152 0.01508 10.00000 1.0394923687 2.4808225632    0.851  3.162  3.5151  0.218    7  0.000  0.459     0.00     0.00     0.00     0.00     0.00 -1 -1.32e-07      0.00 6.946e-01 2.891e-01 2.276e-03 1.136e-03 6.612e-03 -1.000 1.633e-02 -3.136 -1.280 0.971 0.992 -2.639
0.0152 0.01508 10.00000 1.0394955873 2.4808232784    0.835  3.207  3.5079  0.137    7  0.000  0.459     0.00     0.00     0.00     0.00     0.00 -1 -1.68e-07      0.00 6.946e-01 2.891e-01 2.276e-03 1.136e-03 6.612e-03 -1.000 1.633e-02 -3.247 -1.164 1.306 1.322 -2.563
0.0152 0.01508 10.00000 1.0394976139 2.4808237553    0.821  3.301  3.4926 -0.026    7  0.000  0.459     0.00     0.00     0.00     0.00     0.00 -1 -2.57e-07      0.00 6.946e-01 2.891e-01 2.276e-03 1.136e-03 6.612e-03 -1.000 1.633e-02 -3.482 -0.933 1.895 1.898 -2.395
0.0152 0.01508 10.00000 1.0394980907 2.4808237553    0.815  3.320  3.4892 -0.062    7  0.000  0.459     0.00     0.00     0.00     0.00     0.00 -1 -2.84e-07      0.00 6.946e-01 2.891e-01 2.276e-03 1.136e-03 6.612e-03 -1.000 1.633e-02 -3.530 -0.885 2.002 2.003 -2.358
0.0152 0.01508 10.00000 1.0394982100 2.4808237553    0.813  3.309  3.4907 -0.045    7  0.000  0.459     0.00     0.00     0.00     0.00     0.00 -1 -2.71e-07      0.00 6.946e-01 2.891e-01 2.276e-03 1.136e-03 6.612e-03 -1.000 1.633e-02 -3.501 -0.894 1.972 1.974 -2.363
0.0152 0.01508 10.00000 1.0394983292 2.4808237553    0.812  3.297  3.4923 -0.028    7  0.000  0.459     0.00     0.00     0.00     0.00     0.00 -1 -2.61e-07      0.00 6.946e-01 2.891e-01 2.276e-03 1.136e-03 6.612e-03 -1.000 1.633e-02 -3.471 -0.912 1.921 1.924 -2.375
0.0152 0.01508 10.00000 1.0394984484 2.4808237553    0.811  3.301  3.4915 -0.036    7  0.000  0.459     0.00     0.00     0.00     0.00     0.00 -1 -2.66e-07      0.00 6.946e-01 2.891e-01 2.276e-03 1.136e-03 6.612e-03 -1.000 1.633e-02 -3.483 -0.900 1.949 1.952 -2.366
0.0152 0.01508 10.00000 1.0394985676 2.4808237553    0.810  3.319  3.4888 -0.066    7  0.000  0.459     0.00     0.00     0.00     0.00     0.00 -1 -2.87e-07      0.00 6.946e-01 2.891e-01 2.276e-03 1.136e-03 6.612e-03 -1.000 1.633e-02 -3.528 -0.874 2.015 2.016 -2.348
0.0152 0.01508 10.00000 1.0394986868 2.4808239937    0.808  3.339  3.4858 -0.098    7  0.000  0.459     0.00     0.00     0.00     0.00     0.00 -1 -3.13e-07      0.00 6.946e-01 2.891e-01 2.276e-03 1.136e-03 6.612e-03 -1.000 1.633e-02 -3.577 -0.861 2.049 2.049 -2.341
0.0152 0.01508 10.00000 1.0394989252 2.4808239937    0.805  3.362  3.4822 -0.137    7  0.000  0.459     0.00     0.00     0.00     0.00     0.00 -1 -3.47e-07      0.00 6.946e-01 2.891e-01 2.276e-03 1.136e-03 6.612e-03 -1.000 1.633e-02 -3.634 -0.844 2.091 2.090 -2.330
0.0152 0.01508 10.00000 1.0394990444 2.4808239937    0.801  3.380  3.4792 -0.169    7  0.000  0.459     0.00     0.00     0.00     0.00     0.00 -1 -3.78e-07      0.01 6.946e-01 2.891e-01 2.276e-03 1.136e-03 6.612e-03 -1.000 1.633e-02 -3.680 -0.830 2.124 2.123 -2.322
0.0152 0.01508 10.00000 1.0394994020 2.4808239937    0.796  3.400  3.4758 -0.206    7  0.524  0.459     0.00     0.00     0.00     0.00     0.00 -1 -4.17e-07      0.01 6.946e-01 2.891e-01 2.276e-03 1.136e-03 6.612e-03 -1.000 1.633e-02 -3.730 -0.823 2.154 2.152 -2.320
0.0152 0.01508 10.00000 1.0394997597 2.4808239937    0.790  3.420  3.4723 -0.243    7  0.522  0.459     0.00     0.00     0.00     0.00     0.00 -1 -4.57e-07      0.01 6.946e-01 2.891e-01 2.276e-03 1.136e-03 6.612e-03 -1.000 1.633e-02 -3.780 -0.812 2.187 2.184 -2.316
0.0152 0.01508 10.00000 1.0395001173 2.4808242321    0.783  3.434  3.4697 -0.271    7  0.522  0.459     0.00     0.00     0.00     0.00     0.00 -1 -4.93e-07      0.01 6.946e-01 2.891e-01 2.276e-03 1.136e-03 6.612e-03 -1.000 1.633e-02 -3.814 -0.802 2.214 2.211 -2.309
0.0152 0.01508 10.00000 1.0395002365 2.4808242321    0.783  3.434  3.4697 -0.271    8  0.522  0.480   315.44   130.57    80.37    65.13    53.09  0 -4.97e-07      0.01 6.946e-01 2.904e-01 2.388e-03 1.138e-03 6.627e-03 -1.000 1.503e-02 -3.814 -0.802 2.214 2.211 -2.309
0.0152 0.01508 10.00000 1.0395002365 2.4808242321    0.782  3.160  3.5081  0.155    8  0.522  0.480   115.60    60.36    38.46    30.82    25.07  1 -1.68e-07      0.00 6.946e-01 2.904e-01 2.388e-03 1.138e-03 6.627e-03 -1.000 1.503e-02 -3.131 -1.054 1.409 1.424 -2.451
0.0152 0.01508 10.00000 1.0395003557 2.4808242321    0.781  3.030  3.5276  0.363    8  0.522  0.480    72.46    41.45    26.87    21.41    17.40  1 -9.89e-08      0.00 6.946e-01 2.904e-01 2.388e-03 1.138e-03 6.627e-03 -1.000 1.503e-02 -2.805 -1.308 0.566 0.596 -2.592
0.0152 0.01508 10.00000 1.0395004749 2.4808242321    0.779  2.870  3.5514  0.616    8  0.522  0.480    41.71    26.20    17.33    13.72    11.14  2 -5.09e-08      0.00 6.946e-01 2.904e-01 2.388e-03 1.138e-03 6.627e-03 -1.000 1.503e-02 -2.406 -1.399 -0.081 -0.044 -2.524
0.0152 0.01508 10.00000 1.0395007133 2.4808242321    0.775  2.898  3.5469  0.569    8  0.522  0.480    46.15    28.51    18.79    14.89    12.09  1 -5.81e-08      0.00 6.946e-01 2.904e-01 2.388e-03 1.138e-03 6.627e-03 -1.000 1.503e-02 -2.475 -1.388 0.018 0.054 -2.543
0.0152 0.01508 10.00000 1.0395009518 2.4808242321    0.771  3.027  3.5271  0.358    8  0.522  0.480    73.16    41.70    27.01    21.54    17.50  1 -1.02e-07      0.00 6.946e-01 2.904e-01 2.388e-03 1.138e-03 6.627e-03 -1.000 1.503e-02 -2.799 -1.289 0.600 0.629 -2.576
0.0152 0.01508 10.00000 1.0395011902 2.4808244705    0.765  3.187  3.5027  0.098    8  0.523  0.480   131.48    66.58    42.22    33.91    27.59  1 -1.99e-07      0.00 6.946e-01 2.904e-01 2.388e-03 1.138e-03 6.627e-03 -1.000 1.503e-02 -3.197 -0.959 1.640 1.651 -2.381
0.0152 0.01508 10.00000 1.0395015478 2.4808244705    0.759  3.316  3.4828 -0.115    8  0.523  0.480   215.79    97.57    60.81    49.12    40.00  1  -3.4e-07      0.00 6.946e-01 2.904e-01 2.388e-03 1.138e-03 6.627e-03 -1.000 1.503e-02 -3.520 -0.746 2.179 2.178 -2.231
0.0152 0.01508 10.00000 1.0395019054 2.4808244705    0.751  3.397  3.4700 -0.251    8  0.523  0.480   299.05   124.64    76.81    62.29    50.75  0 -4.81e-07      0.01 6.946e-01 2.904e-01 2.388e-03 1.138e-03 6.627e-03 -1.000 1.503e-02 -3.723 -0.720 2.288 2.285 -2.226
0.0152 0.01508 10.00000 1.0395023823 2.4808244705    0.743  3.438  3.4632 -0.324    8  0.524  0.480   356.33   141.74    86.82    70.58    57.52  0 -5.81e-07      0.01 6.946e-01 2.904e-01 2.388e-03 1.138e-03 6.627e-03 -1.000 1.503e-02 -3.825 -0.722 2.332 2.328 -2.239
0.0152 0.01508 10.00000 1.0395028591 2.4808247089    0.734  3.455  3.4598 -0.360    8  0.524  0.480   388.14   150.68    92.02    74.90    61.04  0 -6.43e-07      0.01 6.946e-01 2.904e-01 2.388e-03 1.138e-03 6.627e-03 -1.000 1.503e-02 -3.867 -0.713 2.367 2.363 -2.235
0.0152 0.01508 10.00000 1.0395034552 2.4808247089    0.724  3.463  3.4642 -0.356    8  0.524  0.480   384.23   149.21    91.13    74.20    60.47  0 -7.09e-07      0.02 6.946e-01 2.904e-01 2.388e-03 1.138e-03 6.627e-03 -1.000 1.503e-02 -3.887 -0.778 2.290 2.286 -2.297
0.0152 0.01508 10.00000 1.0395034552 2.4808247089    0.724  3.249  3.4899 -0.040    8  0.524  0.480   179.87    84.20    52.77    42.60    34.67  1    -3e-07      0.00 6.946e-01 2.904e-01 2.388e-03 1.138e-03 6.627e-03 -1.000 1.503e-02 -3.352 -0.723 2.154 2.156 -2.194
0.0152 0.01508 10.00000 1.0395034552 2.4808247089    0.723  3.067  3.5170  0.250    8  0.524  0.480    92.29    49.83    31.97    25.62    20.82  1 -1.45e-07      0.00 6.946e-01 2.904e-01 2.388e-03 1.138e-03 6.627e-03 -1.000 1.503e-02 -2.897 -1.106 1.081 1.103 -2.453
0.0152 0.01508 10.00000 1.0395035744 2.4808247089    0.722  2.907  3.5410  0.506    8  0.524  0.480    52.35    31.38    20.55    16.36    13.28  1 -7.47e-08      0.00 6.946e-01 2.904e-01 2.388e-03 1.138e-03 6.627e-03 -1.000 1.503e-02 -2.496 -1.299 0.232 0.266 -2.494
0.0152 0.01508 10.00000 1.0395036936 2.4808249474    0.720  2.933  3.5368  0.461    8  0.524  0.480    57.67    33.98    22.18    17.67    14.35  1 -8.42e-08      0.00 6.946e-01 2.904e-01 2.388e-03 1.138e-03 6.627e-03 -1.000 1.503e-02 -2.563 -1.276 0.358 0.391 -2.500
0.0152 0.01508 10.00000 1.0395036936 2.4808249474    0.718  3.060  3.5173  0.255    8  0.525  0.480    91.14    49.27    31.63    25.34    20.60  1 -1.43e-07      0.00 6.946e-01 2.904e-01 2.388e-03 1.138e-03 6.627e-03 -1.000 1.503e-02 -2.879 -1.095 1.083 1.106 -2.441
0.0152 0.01508 10.00000 1.0395039320 2.4808249474    0.715  3.215  3.4930  0.001    8  0.525  0.480   163.38    78.01    49.04    39.57    32.19  1 -2.71e-07      0.00 6.946e-01 2.904e-01 2.388e-03 1.138e-03 6.627e-03 -1.000 1.503e-02 -3.269 -0.734 2.078 2.082 -2.194
0.0152 0.01508 10.00000 1.0395040512 2.4808249474    0.712  3.342  3.4729 -0.208    8  0.525  0.480   267.43   113.56    70.19    56.96    46.38  0  -4.5e-07      0.01 6.946e-01 2.904e-01 2.388e-03 1.138e-03 6.627e-03 -1.000 1.503e-02 -3.584 -0.635 2.351 2.348 -2.137
0.0152 0.01508 10.00000 1.0395041704 2.4808249474    0.708  3.420  3.4599 -0.341    8  0.525  0.480   368.97   144.26    88.20    71.84    58.53  0 -6.17e-07      0.01 6.946e-01 2.904e-01 2.388e-03 1.138e-03 6.627e-03 -1.000 1.503e-02 -3.781 -0.635 2.437 2.433 -2.157
0.0152 0.01508 10.00000 1.0395044088 2.4808249474    0.704  3.459  3.4531 -0.409    8  0.525  0.480   436.41   163.06    99.13    80.91    65.93  0 -7.26e-07      0.02 6.946e-01 2.904e-01 2.388e-03 1.138e-03 6.627e-03 -1.000 1.503e-02 -3.877 -0.640 2.510 2.505 -2.174
0.0152 0.01508 10.00000 1.0395046473 2.4808249474    0.699  3.474  3.4499 -0.440    8  0.525  0.480   470.22   172.00   104.30    85.21    69.45  0 -7.81e-07      0.02 6.946e-01 2.904e-01 2.388e-03 1.138e-03 6.627e-03 -1.000 1.503e-02 -3.915 -0.637 2.548 2.543 -2.175
0.0152 0.01508 10.00000 1.0395048857 2.4808249474    0.694  3.480  3.4719 -0.361    8  0.525  0.480   386.97   148.89    90.86    74.10    60.36  0 -9.03e-07      0.03 6.946e-01 2.904e-01 2.388e-03 1.138e-03 6.627e-03 -1.000 1.503e-02 -3.929 -0.895 2.163 2.161 -2.408
0.0152 0.01508 10.00000 1.0395048857 2.4808249474    0.694  3.269  3.4821 -0.110    8  0.525  0.480   211.18    94.51    58.87    47.69    38.80  1 -3.65e-07      0.01 6.946e-01 2.904e-01 2.388e-03 1.138e-03 6.627e-03 -1.000 1.503e-02 -3.403 -0.618 2.308 2.307 -2.104
0.0152 0.01508 10.00000 1.0395048857 2.4808249474    0.693  3.088  3.5114  0.188    8  0.525  0.480   105.78    55.17    35.20    28.29    22.99  1 -1.79e-07      0.00 6.946e-01 2.904e-01 2.388e-03 1.138e-03 6.627e-03 -1.000 1.503e-02 -2.950 -0.970 1.403 1.421 -2.351
0.0152 0.01508 10.00000 1.0395050049 2.4808251858    0.691  2.928  3.5374  0.451    8  0.526  0.480    58.63    34.24    22.32    17.81    14.46  1 -9.36e-08      0.00 6.946e-01 2.904e-01 2.388e-03 1.138e-03 6.627e-03 -1.000 1.503e-02 -2.549 -1.276 0.344 0.378 -2.496
0.0152 0.01508 10.00000 1.0395051241 2.4808251858    0.689  2.954  3.5333  0.407    8  0.526  0.480    64.62    37.05    24.07    19.24    15.62  1 -1.06e-07      0.00 6.946e-01 2.904e-01 2.388e-03 1.138e-03 6.627e-03 -1.000 1.503e-02 -2.616 -1.254 0.471 0.502 -2.501
0.0152 0.01508 10.00000 1.0395052433 2.4808251858    0.686  3.080  3.5131  0.199    8  0.526  0.480   103.11    53.97    34.46    27.70    22.51  1 -1.79e-07      0.00 6.946e-01 2.904e-01 2.388e-03 1.138e-03 6.627e-03 -1.000 1.503e-02 -2.930 -1.006 1.312 1.331 -2.377
0.0152 0.01508 10.00000 1.0395053625 2.4808251858    0.682  3.235  3.4879 -0.059    8  0.526  0.480   187.10    85.90    53.71    43.48    35.37  1 -3.36e-07      0.00 6.946e-01 2.904e-01 2.388e-03 1.138e-03 6.627e-03 -1.000 1.503e-02 -3.317 -0.648 2.243 2.244 -2.123
0.0152 0.01508 10.00000 1.0395054817 2.4808251858    0.678  3.360  3.4674 -0.269    8  0.526  0.480   308.78   125.41    77.09    62.76    51.10  0 -5.56e-07      0.01 6.946e-01 2.904e-01 2.388e-03 1.138e-03 6.627e-03 -1.000 1.503e-02 -3.631 -0.590 2.435 2.431 -2.101
0.0152 0.01508 10.00000 1.0395057201 2.4808251858    0.674  3.439  3.4545 -0.402    8  0.526  0.480   426.71   159.16    96.77    79.08    64.42  0 -7.65e-07      0.02 6.946e-01 2.904e-01 2.388e-03 1.138e-03 6.627e-03 -1.000 1.503e-02 -3.827 -0.602 2.537 2.532 -2.134
0.0152 0.01508 10.00000 1.0395059586 2.4808251858    0.668  3.477  3.4484 -0.468    8  0.526  0.480   502.39   179.07   108.28    88.67    72.24  0 -9.07e-07      0.03 6.946e-01 2.904e-01 2.388e-03 1.138e-03 6.627e-03 -1.000 1.503e-02 -3.923 -0.614 2.602 2.596 -2.157
0.0152 0.01508 10.00000 1.0395061970 2.4808254242    0.663  3.492  3.4464 -0.495    8  0.527  0.480   536.36   187.49   113.12    92.72    75.55  0 -9.88e-07      0.03 6.946e-01 2.904e-01 2.388e-03 1.138e-03 6.627e-03 -1.000 1.503e-02 -3.960 -0.622 2.627 2.621 -2.169
0.0152 0.01508 10.00000 1.0395064354 2.4808254242    0.656  3.498  3.4814 -0.366    8  0.527  0.480   389.34   148.06    90.26    73.75    60.06  0 -1.21e-06      0.04 6.946e-01 2.904e-01 2.388e-03 1.138e-03 6.627e-03 -1.000 1.503e-02 -3.976 -1.053 2.006 2.005 -2.561
0.0152 0.01508 10.00000 1.0395064354 2.4808254242    0.656  3.292  3.4823 -0.156    8  0.527  0.480   234.61   101.34    62.85    51.07    41.54  0 -4.83e-07      0.01 6.946e-01 2.904e-01 2.388e-03 1.138e-03 6.627e-03 -1.000 1.503e-02 -3.460 -0.659 2.288 2.286 -2.147
0.0152 0.01508 10.00000 1.0395064354 2.4808254242    0.655  3.112  3.5140  0.150    8  0.527  0.480   114.62    58.20    37.00    29.82    24.23  1  -2.4e-07      0.00 6.946e-01 2.904e-01 2.388e-03 1.138e-03 6.627e-03 -1.000 1.503e-02 -3.009 -1.110 1.192 1.212 -2.478
0.0152 0.01508 10.00000 1.0395065546 2.4808254242    0.653  2.951  3.5426  0.424    8  0.527  0.480    61.93    35.47    23.06    18.45    14.97  1 -1.26e-07      0.00 6.946e-01 2.904e-01 2.388e-03 1.138e-03 6.627e-03 -1.000 1.503e-02 -2.609 -1.441 0.067 0.102 -2.627
0.0152 0.01508 10.00000 1.0395066738 2.4808254242    0.650  2.978  3.5389  0.380    8  0.527  0.480    68.17    38.33    24.83    19.90    16.15  1 -1.43e-07      0.00 6.946e-01 2.904e-01 2.388e-03 1.138e-03 6.627e-03 -1.000 1.503e-02 -2.675 -1.433 0.164 0.198 -2.644
0.0152 0.01508 10.00000 1.0395067930 2.4808254242    0.646  3.103  3.5178  0.169    8  0.527  0.480   109.74    56.10    35.72    28.78    23.38  1 -2.43e-07      0.00 6.946e-01 2.904e-01 2.388e-03 1.138e-03 6.627e-03 -1.000 1.503e-02 -2.987 -1.214 0.967 0.991 -2.560
0.0152 0.01508 10.00000 1.0395069122 2.4808254242    0.642  3.257  3.4916 -0.093    8  0.527  0.480   201.51    89.89    56.02    45.47    36.98  0 -4.55e-07      0.01 6.946e-01 2.904e-01 2.388e-03 1.138e-03 6.627e-03 -1.000 1.503e-02 -3.372 -0.767 2.111 2.113 -2.236
0.0152 0.01508 10.00000 1.0395071507 2.4808254242    0.637  3.381  3.4704 -0.306    8  0.527  0.480   335.24   131.77    80.70    65.90    53.63  0 -7.54e-07      0.02 6.946e-01 2.904e-01 2.388e-03 1.138e-03 6.627e-03 -1.000 1.503e-02 -3.683 -0.652 2.384 2.381 -2.164
0.0152 0.01508 10.00000 1.0395072699 2.4808254242    0.631  3.459  3.4578 -0.438    8  0.528  0.480   463.26   166.99   101.16    82.92    67.52  0 -1.05e-06      0.04 6.946e-01 2.904e-01 2.388e-03 1.138e-03 6.627e-03 -1.000 1.503e-02 -3.879 -0.647 2.496 2.492 -2.181
0.0152 0.01508 10.00000 1.0395075083 2.4808256626    0.625  3.498  3.4530 -0.501    8  0.528  0.480   540.51   186.47   112.38    92.31    75.18  0 -1.26e-06      0.04 6.946e-01 2.904e-01 2.388e-03 1.138e-03 6.627e-03 -1.000 1.503e-02 -3.975 -0.664 2.544 2.539 -2.208
0.0152 0.01508 10.00000 1.0395078659 2.4808256626    0.617  3.513  3.4532 -0.520    8  0.528  0.480   567.22   192.67   115.92    95.30    77.61  0  -1.4e-06      0.05 6.946e-01 2.904e-01 2.388e-03 1.138e-03 6.627e-03 -1.000 1.503e-02 -4.013 -0.693 2.525 2.521 -2.239
0.0152 0.01508 10.00000 1.0395081043 2.4808256626    0.609  3.520  3.5014 -0.339    8  0.528  0.480   362.69   138.49    84.54    69.20    56.31  0  -1.8e-06      0.08 6.946e-01 2.904e-01 2.388e-03 1.138e-03 6.627e-03 -1.000 1.503e-02 -4.030 -1.554 1.324 1.333 -3.018
0.0152 0.01508 10.00000 1.0395081043 2.4808256626    0.609  3.318  3.4959 -0.160    8  0.528  0.480   235.50   100.17    62.04    50.54    41.09  0  -7.2e-07      0.02 6.946e-01 2.904e-01 2.388e-03 1.138e-03 6.627e-03 -1.000 1.503e-02 -3.526 -1.012 1.832 1.838 -2.474
0.0152 0.01508 10.00000 1.0395081043 2.4808256626    0.607  3.139  3.5324  0.164    8  0.528  0.480   110.34    55.68    35.41    28.60    23.22  1 -3.59e-07      0.01 6.946e-01 2.904e-01 2.388e-03 1.138e-03 6.627e-03 -1.000 1.503e-02 -3.077 -1.685 0.100 0.132 -2.945
0.0152 0.01508 10.00000 1.0395082235 2.4808256626    0.605  2.979  3.5661  0.458    8  0.528  0.480    57.03    32.73    21.32    17.09    13.85  1 -1.88e-07      0.00 6.946e-01 2.904e-01 2.388e-03 1.138e-03 6.627e-03 -1.000 1.503e-02 -2.677 -1.890 -0.787 -0.746 -2.929
0.0152 0.01508 10.00000 1.0395083427 2.4808256626    0.602  3.005  3.5637  0.419    8  0.528  0.480    62.08    35.04    22.75    18.26    14.80  1 -2.15e-07      0.00 6.946e-01 2.904e-01 2.388e-03 1.138e-03 6.627e-03 -1.000 1.503e-02 -2.744 -1.923 -0.786 -0.746 -2.977
0.0152 0.01508 10.00000 1.0395084620 2.4808256626    0.598  3.129  3.5423  0.206    8  0.529  0.480   100.05    51.37    32.77    26.45    21.47  1  -3.7e-07      0.01 6.946e-01 2.904e-01 2.388e-03 1.138e-03 6.627e-03 -1.000 1.503e-02 -3.054 -1.871 -0.332 -0.296 -3.065
0.0152 0.01508 10.00000 1.0395085812 2.4808256626    0.593  3.282  3.5154 -0.057    8  0.529  0.480   184.19    82.58    51.56    41.93    34.07  0 -7.06e-07      0.02 6.946e-01 2.904e-01 2.388e-03 1.138e-03 6.627e-03 -1.000 1.503e-02 -3.435 -1.552 0.766 0.788 -2.921
0.0152 0.01508 10.00000 1.0395088196 2.4808259010    0.587  3.406  3.4948 -0.268    8  0.529  0.480   304.11   120.52    73.97    60.51    49.20  0 -1.19e-06      0.04 6.946e-01 2.904e-01 2.388e-03 1.138e-03 6.627e-03 -1.000 1.503e-02 -3.745 -1.140 1.793 1.797 -2.616
0.0152 0.01508 10.00000 1.0395090580 2.4808259010    0.580  3.484  3.4847 -0.391    8  0.529  0.480   410.34   150.20    91.25    74.92    60.95  0 -1.69e-06      0.08 6.946e-01 2.904e-01 2.388e-03 1.138e-03 6.627e-03 -1.000 1.503e-02 -3.939 -1.020 2.077 2.077 -2.531
0.0152 0.01508 10.00000 1.0395092964 2.4808259010    0.573  3.522  3.4843 -0.437    8  0.529  0.480   459.19   162.69    98.46    80.97    65.88  0 -2.09e-06      0.10 6.946e-01 2.904e-01 2.388e-03 1.138e-03 6.627e-03 -1.000 1.503e-02 -4.036 -1.067 2.063 2.062 -2.585
0.0152 0.01508 10.00000 1.0395095348 2.4808259010    0.564  3.538  3.4907 -0.434    8  0.530  0.480   454.61   161.00    97.45    80.17    65.22  0  -2.4e-06      0.13 6.946e-01 2.904e-01 2.388e-03 1.138e-03 6.627e-03 -1.000 1.503e-02 -4.075 -1.192 1.943 1.944 -2.705
0.0152 0.01508 10.00000 1.0395098925 2.4808261395    0.555  3.545  3.5389 -0.255    8  0.530  0.480   294.11   116.15    71.32    58.42    47.48  0 -2.95e-06      0.26 6.946e-01 2.904e-01 2.388e-03 1.138e-03 6.627e-03 -1.000 1.503e-02 -4.094 -2.384 -0.493 -0.460 -3.690
0.0152 0.01508 10.00000 1.0395104885 2.4808261395    0.530 -9.999  4.0000  1.855    9  0.530  0.000     0.00     0.00     0.00     0.00     0.00 -1    -1e-30      0.00 6.946e-01 2.904e-01 2.388e-03 1.138e-03 6.627e-03 -1.000 1.503e-02 29.767 29.982 29.968 29.961 29.986
#isochrone terminated
