# File generated by CMD 3.5 (http://stev.oapd.inaf.it/cmd) on Mon Oct 11 12:25:36 CEST 2021
# isochrones based on PARSEC release v1.2S +  COLIBRI S_37 + S_35 + PR16
# Basic references: Bressan et al. (2012), MNRAS, 427, 127 + Chen et al. (2014, 2015), MNRAS, 444, 2525 + MNRAS, 452, 1068 + Tang et al. (2014), MNRAS, 445, 4287 + Marigo et al. (2017), ApJ, 835, 77 + Pastorelli al. (2019), MNRAS, 485, 5666 + Pastorelli al. (2020), MNRAS, in press
# Thermal pulse cycles included 
# On RGB, assumed Reimers mass loss with efficiency eta=0.2
# LPV periods and growth rates added cf. Trabucchi et al. (2019)
# Photometric system: Gaia's DR2 G, G_BP and G_RP (Vegamags, Gaia passbands from Weiler 2018)
# Attention: photometry includes extinction of Av=0.3, with coefficients derived star-by-star, for Cardelli et al 89 + O'Donnell 94 Rv=3.1 extinction curve.
# Using YBC version of bolometric corrections as in Chen et al. (2019)
# O-rich circumstellar dpmod60alox40 dust from Groenewegen (2006)
# C-rich circumstellar AMCSIC15 dust from Groenewegen (2006)
# IMF: Kroupa (2001, 2002) + Kroupa et al. (2013) canonical two-part-power law IMF corrected for unresolved binaries 
# Kind of output: isochrone tables
# Zini     MH   logAge Mini        int_IMF         Mass   logL    logTe  logg  label   McoreTP C_O  period0  period1  period2  period3  period4  pmode  Mloss  tau1m   X   Y   Xc  Xn  Xo  Cexcess  Z 	 mbolmag  Gmag    G_BPbrmag  G_BPftmag  G_RPmag
0.02 0.14251 7.85000 0.0900000036 1.0816895962    0.090 -2.666  3.3891  4.567    0  0.000  0.545     0.00     0.00     0.00     0.00     0.00 -1 -4.76e-16      0.00 6.960e-01 2.840e-01 3.596e-03 9.702e-04 8.799e-03 -1.000 2.000e-02 11.436 13.687 16.497 16.521 12.200
0.02 0.14251 7.85000 0.0941267759 1.1200838089    0.094 -2.635  3.3933  4.572    0  0.000  0.545     0.00     0.00     0.00     0.00     0.00 -1 -4.97e-16      0.00 6.960e-01 2.840e-01 3.596e-03 9.702e-04 8.799e-03 -1.000 2.000e-02 11.357 13.608 16.419 16.443 12.121
0.02 0.14251 7.85000 0.1000000015 1.1711064577    0.100 -2.589  3.3993  4.577    0  0.000  0.545     0.00     0.00     0.00     0.00     0.00 -1 -5.33e-16      0.00 6.960e-01 2.840e-01 3.596e-03 9.702e-04 8.799e-03 -1.000 2.000e-02 11.243 13.495 16.306 16.330 12.007
0.02 0.14251 7.85000 0.1042327210 1.2055214643    0.104 -2.560  3.4031  4.580    0  0.000  0.545     0.00     0.00     0.00     0.00     0.00 -1 -5.56e-16      0.00 6.960e-01 2.840e-01 3.596e-03 9.702e-04 8.799e-03 -1.000 2.000e-02 11.170 13.421 16.234 16.258 11.934
0.02 0.14251 7.85000 0.1177582592 1.3043590784    0.118 -2.470  3.4147  4.590    0  0.000  0.545     0.00     0.00     0.00     0.00     0.00 -1 -6.37e-16      0.00 6.960e-01 2.840e-01 3.596e-03 9.702e-04 8.799e-03 -1.000 2.000e-02 10.945 13.196 16.011 16.035 11.709
0.02 0.14251 7.85000 0.1200000048 1.3193155527    0.120 -2.456  3.4166  4.592    0  0.000  0.545     0.00     0.00     0.00     0.00     0.00 -1  -6.5e-16      0.00 6.960e-01 2.840e-01 3.596e-03 9.702e-04 8.799e-03 -1.000 2.000e-02 10.910 13.149 15.950 15.974 11.664
0.02 0.14251 7.85000 0.1310642809 1.3881524801    0.131 -2.393  3.4246  4.599    0  0.000  0.545     0.00     0.00     0.00     0.00     0.00 -1 -7.13e-16      0.00 6.960e-01 2.840e-01 3.596e-03 9.702e-04 8.799e-03 -1.000 2.000e-02 10.753 12.901 15.587 15.612 11.435
0.02 0.14251 7.85000 0.1400000006 1.4384527206    0.140 -2.345  3.4307  4.604    0  0.000  0.545     0.00     0.00     0.00     0.00     0.00 -1 -7.67e-16      0.00 6.960e-01 2.840e-01 3.596e-03 9.702e-04 8.799e-03 -1.000 2.000e-02 10.632 12.693 15.272 15.297 11.246
0.02 0.14251 7.85000 0.1586488783 1.5311330557    0.159 -2.261  3.4402  4.612    0  0.000  0.545     0.00     0.00     0.00     0.00     0.00 -1 -8.64e-16      0.00 6.960e-01 2.840e-01 3.596e-03 9.702e-04 8.799e-03 -1.000 2.000e-02 10.423 12.363 14.800 14.826 10.942
0.02 0.14251 7.85000 0.1599999964 1.5372931957    0.160 -2.255  3.4408  4.613    0  0.000  0.545     0.00     0.00     0.00     0.00     0.00 -1 -8.72e-16      0.00 6.960e-01 2.840e-01 3.596e-03 9.702e-04 8.799e-03 -1.000 2.000e-02 10.409 12.340 14.768 14.794 10.921
0.02 0.14251 7.85000 0.2000000030 1.6938791275    0.200 -2.105  3.4576  4.626    0  0.000  0.545     0.00     0.00     0.00     0.00     0.00 -1 -1.09e-15      0.00 6.960e-01 2.840e-01 3.596e-03 9.702e-04 8.799e-03 -1.000 2.000e-02 10.033 11.758 13.940 13.968 10.388
0.02 0.14251 7.85000 0.2500000000 1.8403258324    0.250 -1.960  3.4732  4.641    0  0.000  0.545     0.00     0.00     0.00     0.00     0.00 -1 -1.34e-15      0.00 6.960e-01 2.840e-01 3.596e-03 9.702e-04 8.799e-03 -1.000 2.000e-02 9.669 11.224 13.200 13.230 9.898
0.02 0.14251 7.85000 0.2970308065 1.9469292164    0.297 -1.846  3.4849  4.648    0  0.000  0.545     0.00     0.00     0.00     0.00     0.00 -1 -1.57e-15      0.00 6.960e-01 2.840e-01 3.596e-03 9.702e-04 8.799e-03 -1.000 2.000e-02 9.386 10.819 12.650 12.681 9.528
0.02 0.14251 7.85000 0.3148773611 1.9817826748    0.315 -1.807  3.4888  4.651    0  0.000  0.545     0.00     0.00     0.00     0.00     0.00 -1 -1.67e-15      0.00 6.960e-01 2.840e-01 3.596e-03 9.702e-04 8.799e-03 -1.000 2.000e-02 9.288 10.681 12.462 12.493 9.402
0.02 0.14251 7.85000 0.3499643803 2.0433592796    0.350 -1.736  3.4960  4.654    0  0.000  0.545     0.00     0.00     0.00     0.00     0.00 -1 -1.85e-15      0.00 6.960e-01 2.840e-01 3.596e-03 9.702e-04 8.799e-03 -1.000 2.000e-02 9.110 10.442 12.152 12.183 9.183
0.02 0.14251 7.85000 0.3634862900 2.0649833679    0.364 -1.708  3.4988  4.653    0  0.000  0.545     0.00     0.00     0.00     0.00     0.00 -1 -1.93e-15      0.00 6.960e-01 2.840e-01 3.596e-03 9.702e-04 8.799e-03 -1.000 2.000e-02 9.040 10.349 12.032 12.064 9.097
0.02 0.14251 7.85000 0.3854428530 2.0979578495    0.385 -1.666  3.5030  4.654    0  0.000  0.545     0.00     0.00     0.00     0.00     0.00 -1 -2.07e-15      0.00 6.960e-01 2.840e-01 3.596e-03 9.702e-04 8.799e-03 -1.000 2.000e-02 8.935 10.211 11.856 11.888 8.970
0.02 0.14251 7.85000 0.4000000358 2.1185026169    0.400 -1.639  3.5055  4.653    0  0.000  0.545     0.00     0.00     0.00     0.00     0.00 -1 -2.17e-15      0.00 6.960e-01 2.840e-01 3.596e-03 9.702e-04 8.799e-03 -1.000 2.000e-02 8.868 10.125 11.748 11.780 8.890
0.02 0.14251 7.85000 0.4223502278 2.1482236385    0.422 -1.592  3.5104  4.649    0  0.000  0.545     0.00     0.00     0.00     0.00     0.00 -1 -2.37e-15      0.00 6.960e-01 2.840e-01 3.596e-03 9.702e-04 8.799e-03 -1.000 2.000e-02 8.750 9.969 11.547 11.580 8.747
0.02 0.14251 7.85000 0.4500000179 2.1822810173    0.450 -1.539  3.5159  4.646    0  0.000  0.545     0.00     0.00     0.00     0.00     0.00 -1  -2.6e-15      0.00 6.960e-01 2.840e-01 3.596e-03 9.702e-04 8.799e-03 -1.000 2.000e-02 8.619 9.798 11.330 11.363 8.591
0.02 0.14251 7.85000 0.5000000000 2.2374541759    0.500 -1.435  3.5271  4.633    0  0.000  0.545     0.00     0.00     0.00     0.00     0.00 -1 -3.18e-15      0.00 6.960e-01 2.840e-01 3.596e-03 9.702e-04 8.799e-03 -1.000 2.000e-02 8.358 9.461 10.905 10.939 8.282
0.02 0.14251 7.85000 0.5016335845 2.2391319275    0.502 -1.432  3.5275  4.633    0  0.000  0.545     0.00     0.00     0.00     0.00     0.00 -1  -3.2e-15      0.00 6.960e-01 2.840e-01 3.596e-03 9.702e-04 8.799e-03 -1.000 2.000e-02 8.351 9.451 10.891 10.925 8.273
0.02 0.14251 7.85000 0.5472873449 2.2813997269    0.547 -1.330  3.5400  4.619    0  0.000  0.545     0.00     0.00     0.00     0.00     0.00 -1 -3.92e-15      0.00 6.960e-01 2.840e-01 3.596e-03 9.702e-04 8.799e-03 -1.000 2.000e-02 8.096 9.118 10.470 10.505 7.971
0.02 0.14251 7.85000 0.5500000119 2.2836582661    0.550 -1.324  3.5409  4.618    0  0.000  0.545     0.00     0.00     0.00     0.00     0.00 -1 -3.97e-15      0.00 6.960e-01 2.840e-01 3.596e-03 9.702e-04 8.799e-03 -1.000 2.000e-02 8.081 9.097 10.443 10.479 7.952
0.02 0.14251 7.85000 0.5545674562 2.2874040604    0.554 -1.314  3.5424  4.617    0  0.000  0.545     0.00     0.00     0.00     0.00     0.00 -1 -4.05e-15      0.00 6.960e-01 2.840e-01 3.596e-03 9.702e-04 8.799e-03 -1.000 2.000e-02 8.054 9.062 10.398 10.433 7.921
0.02 0.14251 7.85000 0.5643015504 2.2951548100    0.564 -1.286  3.5461  4.612    0  0.000  0.545     0.00     0.00     0.00     0.00     0.00 -1 -4.29e-15      0.00 6.960e-01 2.840e-01 3.596e-03 9.702e-04 8.799e-03 -1.000 2.000e-02 7.986 8.970 10.281 10.316 7.839
0.02 0.14251 7.85000 0.5958090425 2.3182578087    0.596 -1.191  3.5604  4.597    0  0.000  0.545     0.00     0.00     0.00     0.00     0.00 -1 -5.28e-15      0.00 6.960e-01 2.840e-01 3.596e-03 9.701e-04 8.799e-03 -1.000 2.000e-02 7.747 8.641 9.852 9.890 7.550
0.02 0.14251 7.85000 0.6000000238 2.3211214542    0.600 -1.177  3.5626  4.595    0  0.000  0.545     0.00     0.00     0.00     0.00     0.00 -1 -5.44e-15      0.00 6.960e-01 2.840e-01 3.596e-03 9.701e-04 8.799e-03 -1.000 2.000e-02 7.712 8.593 9.789 9.827 7.508
0.02 0.14251 7.85000 0.6136023402 2.3301062584    0.613 -1.129  3.5713  4.591    0  0.000  0.545     0.00     0.00     0.00     0.00     0.00 -1 -6.04e-15      0.00 6.960e-01 2.840e-01 3.596e-03 9.701e-04 8.798e-03 -1.000 2.000e-02 7.591 8.416 9.553 9.591 7.357
0.02 0.14251 7.85000 0.6411423683 2.3469619751    0.641 -1.020  3.5920  4.585    0  0.000  0.545     0.00     0.00     0.00     0.00     0.00 -1 -7.62e-15      0.00 6.960e-01 2.840e-01 3.596e-03 9.701e-04 8.798e-03 -1.000 2.000e-02 7.321 8.026 9.041 9.081 7.027
0.02 0.14251 7.85000 0.6499999762 2.3520355225    0.650 -0.984  3.5993  4.584    0  0.000  0.545     0.00     0.00     0.00     0.00     0.00 -1 -8.23e-15      0.00 6.960e-01 2.840e-01 3.596e-03 9.701e-04 8.798e-03 -1.000 2.000e-02 7.230 7.897 8.873 8.913 6.918
0.02 0.14251 7.85000 0.6649650931 2.3602550030    0.665 -0.922  3.6131  4.587    0  0.000  0.545     0.00     0.00     0.00     0.00     0.00 -1 -9.38e-15      0.00 6.960e-01 2.840e-01 3.596e-03 9.701e-04 8.798e-03 -1.000 2.000e-02 7.074 7.668 8.575 8.616 6.727
0.02 0.14251 7.85000 0.6896719337 2.3729317188    0.690 -0.823  3.6358  4.595    0  0.000  0.545     0.00     0.00     0.00     0.00     0.00 -1 -1.14e-14      0.00 6.960e-01 2.840e-01 3.596e-03 9.700e-04 8.798e-03 -1.000 2.000e-02 6.828 7.306 8.103 8.145 6.431
0.02 0.14251 7.85000 0.6970921755 2.3765375614    0.697 -0.795  3.6423  4.598    0  0.000  0.545     0.00     0.00     0.00     0.00     0.00 -1 -1.21e-14      0.00 6.960e-01 2.840e-01 3.595e-03 9.700e-04 8.797e-03 -1.000 2.000e-02 6.758 7.204 7.971 8.012 6.348
0.02 0.14251 7.85000 0.7000000477 2.3779268265    0.700 -0.786  3.6444  4.599    0  0.000  0.545     0.00     0.00     0.00     0.00     0.00 -1 -1.23e-14      0.00 6.960e-01 2.840e-01 3.595e-03 9.700e-04 8.797e-03 -1.000 2.000e-02 6.736 7.171 7.929 7.970 6.321
0.02 0.14251 7.85000 0.7005386353 2.3781826496    0.701 -0.785  3.6449  4.600    0  0.000  0.545     0.00     0.00     0.00     0.00     0.00 -1 -1.24e-14      0.00 6.960e-01 2.840e-01 3.594e-03 9.700e-04 8.797e-03 -1.000 2.000e-02 6.732 7.165 7.921 7.962 6.317
0.02 0.14251 7.85000 0.7077564001 2.3815681934    0.708 -0.765  3.6514  4.610    0  0.000  0.544     0.00     0.00     0.00     0.00     0.00 -1 -1.27e-14      0.00 6.960e-01 2.840e-01 3.587e-03 9.698e-04 8.797e-03 -1.000 2.000e-02 6.682 7.083 7.810 7.851 6.252
0.02 0.14251 7.85000 0.7136959434 2.3842952251    0.714 -0.755  3.6550  4.618    0  0.000  0.543     0.00     0.00     0.00     0.00     0.00 -1 -1.29e-14      0.00 6.961e-01 2.839e-01 3.582e-03 9.696e-04 8.797e-03 -1.000 2.000e-02 6.656 7.041 7.753 7.794 6.220
0.02 0.14251 7.85000 0.7500000000 2.3998889923    0.750 -0.714  3.6699  4.659    0  0.000  0.538     0.00     0.00     0.00     0.00     0.00 -1 -1.33e-14      0.00 6.961e-01 2.839e-01 3.548e-03 9.687e-04 8.798e-03 -1.000 2.000e-02 6.555 6.877 7.532 7.572 6.095
0.02 0.14251 7.85000 0.8000000119 2.4187245369    0.800 -0.604  3.6863  4.642    0  0.000  0.538     0.00     0.00     0.00     0.00     0.00 -1 -1.68e-14      0.00 6.961e-01 2.839e-01 3.547e-03 9.686e-04 8.797e-03 -1.000 2.000e-02 6.280 6.545 7.144 7.184 5.805
0.02 0.14251 7.85000 0.8458470106 2.4337642193    0.845 -0.512  3.7002  4.630    0  0.000  0.538     0.00     0.00     0.00     0.00     0.00 -1 -2.05e-14      0.00 6.962e-01 2.839e-01 3.547e-03 9.685e-04 8.796e-03 -1.000 1.991e-02 6.051 6.276 6.833 6.871 5.569
0.02 0.14251 7.85000 0.8500000238 2.4350347519    0.850 -0.503  3.7016  4.628    0  0.000  0.538     0.00     0.00     0.00     0.00     0.00 -1 -2.09e-14      0.00 6.962e-01 2.839e-01 3.547e-03 9.685e-04 8.796e-03 -1.000 1.991e-02 6.027 6.249 6.801 6.840 5.545
0.02 0.14251 7.85000 0.8905530572 2.4467282295    0.890 -0.411  3.7147  4.609    0  0.000  0.538     0.00     0.00     0.00     0.00     0.00 -1 -2.57e-14      0.00 6.962e-01 2.838e-01 3.546e-03 9.683e-04 8.795e-03 -1.000 2.000e-02 5.797 5.989 6.506 6.543 5.315
0.02 0.14251 7.85000 0.8999999762 2.4492788315    0.899 -0.390  3.7178  4.605    0  0.000  0.538     0.00     0.00     0.00     0.00     0.00 -1  -2.7e-14      0.00 6.962e-01 2.838e-01 3.547e-03 9.683e-04 8.795e-03 -1.000 2.000e-02 5.744 5.930 6.439 6.476 5.262
0.02 0.14251 7.85000 0.9284492731 2.4566004276    0.928 -0.328  3.7260  4.590    0  0.000  0.538     0.00     0.00     0.00     0.00     0.00 -1 -3.11e-14      0.00 6.962e-01 2.838e-01 3.546e-03 9.682e-04 8.794e-03 -1.000 2.000e-02 5.591 5.762 6.250 6.287 5.111
0.02 0.14251 7.85000 0.9499999881 2.4618122578    0.950 -0.283  3.7325  4.580    0  0.000  0.538     0.00     0.00     0.00     0.00     0.00 -1 -3.45e-14      0.00 6.962e-01 2.838e-01 3.546e-03 9.682e-04 8.794e-03 -1.000 2.000e-02 5.477 5.637 6.111 6.146 5.001
0.02 0.14251 7.85000 0.9650101066 2.4652845860    0.965 -0.250  3.7368  4.571    0  0.000  0.538     0.00     0.00     0.00     0.00     0.00 -1 -3.73e-14      0.00 6.963e-01 2.837e-01 3.545e-03 9.681e-04 8.793e-03 -1.000 1.997e-02 5.394 5.548 6.010 6.045 4.920
0.02 0.14251 7.85000 1.0000000000 2.4729156494    1.000 -0.178  3.7462  4.553    0  0.000  0.538     0.00     0.00     0.00     0.00     0.00 -1 -4.42e-14      0.00 6.963e-01 2.837e-01 3.545e-03 9.680e-04 8.793e-03 -1.000 1.995e-02 5.216 5.358 5.798 5.831 4.752
0.02 0.14251 7.85000 1.0499999523 2.4828116894    1.050 -0.075  3.7591  4.522    0  0.000  0.538     0.00     0.00     0.00     0.00     0.00 -1 -5.25e-14      0.00 6.964e-01 2.836e-01 3.544e-03 9.678e-04 8.790e-03 -1.000 2.000e-02 4.957 5.090 5.499 5.530 4.512
0.02 0.14251 7.85000 1.1000000238 2.4916803837    1.099  0.024  3.7711  4.492    0  0.000  0.538     0.00     0.00     0.00     0.00     0.00 -1 -6.17e-14      0.00 6.965e-01 2.835e-01 3.543e-03 9.675e-04 8.788e-03 -1.000 2.000e-02 4.710 4.838 5.217 5.247 4.287
0.02 0.14251 7.85000 1.1499999762 2.4996678829    1.149  0.110  3.7801  4.461    0  0.000  0.538     0.00     0.00     0.00     0.00     0.00 -1 -6.97e-14      0.00 6.966e-01 2.834e-01 3.542e-03 9.671e-04 8.784e-03 -1.000 1.997e-02 4.495 4.620 4.979 5.007 4.090
0.02 0.14251 7.85000 1.2000000477 2.5068950653    1.200  0.206  3.7908  4.426    0  0.000  0.538     0.00     0.00     0.00     0.00     0.00 -1 -8.03e-14      0.00 6.969e-01 2.831e-01 3.539e-03 9.663e-04 8.777e-03 -1.000 1.996e-02 4.254 4.380 4.715 4.742 3.875
0.02 0.14251 7.85000 1.2320226431 2.5111708641    1.232  0.258  3.7958  4.405    0  0.000  0.538     0.00     0.00     0.00     0.00     0.00 -1 -8.56e-14      0.00 6.979e-01 2.823e-01 3.530e-03 9.638e-04 8.754e-03 -1.000 1.986e-02 4.124 4.251 4.576 4.601 3.757
0.02 0.14251 7.85000 1.2400851250 2.5122075081    1.240  0.284  3.7998  4.399    0  0.000  0.538     0.00     0.00     0.00     0.00     0.00 -1 -8.98e-14      0.00 6.981e-01 2.820e-01 3.526e-03 9.629e-04 8.747e-03 -1.000 1.987e-02 4.060 4.189 4.504 4.529 3.704
0.02 0.14251 7.85000 1.2418875694 2.5124371052    1.242  0.289  3.8008  4.399    0  0.000  0.537     0.00     0.00     0.00     0.00     0.00 -1 -9.06e-14      0.00 6.981e-01 2.820e-01 3.526e-03 9.630e-04 8.748e-03 -1.000 1.990e-02 4.049 4.177 4.491 4.515 3.695
0.02 0.14251 7.85000 1.2500000000 2.5134611130    1.250  0.299  3.8022  4.397    0  0.000  0.538     0.00     0.00     0.00     0.00     0.00 -1 -9.12e-14      0.00 6.969e-01 2.831e-01 3.539e-03 9.664e-04 8.778e-03 -1.000 1.997e-02 4.022 4.151 4.462 4.486 3.672
0.02 0.14251 7.85000 1.2999999523 2.5194499493    1.300  0.382  3.8112  4.367    0  0.000  0.537     0.00     0.00     0.00     0.00     0.00 -1 -9.92e-14      0.00 6.970e-01 2.831e-01 3.539e-03 9.664e-04 8.778e-03 -1.000 1.997e-02 3.815 3.948 4.239 4.262 3.489
0.02 0.14251 7.85000 1.3500000238 2.5249314308    1.350  0.461  3.8204  4.341    0  0.000  0.538     0.00     0.00     0.00     0.00     0.00 -1 -1.05e-13      0.00 6.970e-01 2.830e-01 3.539e-03 9.662e-04 8.777e-03 -1.000 1.996e-02 3.618 3.754 4.028 4.050 3.316
0.02 0.14251 7.85000 1.3999999762 2.5299651623    1.400  0.534  3.8298  4.321    0  0.000  0.538     0.00     0.00     0.00     0.00     0.00 -1 -1.08e-13      0.00 6.970e-01 2.830e-01 3.539e-03 9.664e-04 8.777e-03 -1.000 1.996e-02 3.435 3.573 3.831 3.852 3.156
0.02 0.14251 7.85000 1.4500000477 2.5346016884    1.450  0.603  3.8390  4.304    0  0.000  0.538     0.00     0.00     0.00     0.00     0.00 -1 -1.06e-13      0.00 6.970e-01 2.830e-01 3.538e-03 9.662e-04 8.777e-03 -1.000 1.996e-02 3.262 3.404 3.646 3.665 3.008
0.02 0.14251 7.85000 1.5000000000 2.5388846397    1.500  0.669  3.8489  4.293    0  0.000  0.538     0.00     0.00     0.00     0.00     0.00 -1 -9.79e-14      0.00 6.971e-01 2.830e-01 3.538e-03 9.661e-04 8.776e-03 -1.000 1.995e-02 3.097 3.244 3.470 3.488 2.871
0.02 0.14251 7.85000 1.5499999523 2.5428512096    1.550  0.732  3.8600  4.288    0  0.000  0.538     0.00     0.00     0.00     0.00     0.00 -1 -8.41e-14      0.00 6.972e-01 2.829e-01 3.537e-03 9.660e-04 8.774e-03 -1.000 1.996e-02 2.940 3.093 3.300 3.317 2.745
0.02 0.14251 7.85000 1.6000000238 2.5465342999    1.600  0.793  3.8723  4.290    0  0.000  0.538     0.00     0.00     0.00     0.00     0.00 -1 -6.33e-14      0.00 6.971e-01 2.829e-01 3.537e-03 9.659e-04 8.773e-03 -1.000 1.994e-02 2.788 2.951 3.138 3.154 2.631
0.02 0.14251 7.85000 1.6499999762 2.5499615669    1.649  0.852  3.8849  4.295    1  0.000  0.538     0.00     0.00     0.00     0.00     0.00 -1 -3.55e-14      0.00 6.972e-01 2.829e-01 3.537e-03 9.658e-04 8.773e-03 -1.000 1.993e-02 2.640 2.814 2.982 2.997 2.525
0.02 0.14251 7.85000 1.6749999523 2.5515873432    1.674  0.880  3.8909  4.297    1  0.000  0.538     0.00     0.00     0.00     0.00     0.00 -1 -1.87e-14      0.00 6.972e-01 2.828e-01 3.537e-03 9.657e-04 8.772e-03 -1.000 1.993e-02 2.570 2.750 2.908 2.923 2.475
0.02 0.14251 7.85000 1.7000000477 2.5531582832    1.699  0.908  3.8966  4.299    0  0.000  0.538     0.00     0.00     0.00     0.00     0.00 -1    -1e-30      0.00 6.973e-01 2.828e-01 3.537e-03 9.657e-04 8.771e-03 -1.000 1.996e-02 2.500 2.688 2.837 2.852 2.426
0.02 0.14251 7.85000 1.7250001431 2.5546767712    1.724  0.935  3.9024  4.301    1  0.000  0.538     0.00     0.00     0.00     0.00     0.00 -1    -1e-30      0.00 6.973e-01 2.828e-01 3.536e-03 9.656e-04 8.771e-03 -1.000 1.992e-02 2.432 2.627 2.768 2.782 2.380
0.02 0.14251 7.85000 1.7500000000 2.5561456680    1.749  0.962  3.9079  4.303    1  0.000  0.538     0.00     0.00     0.00     0.00     0.00 -1    -1e-30      0.00 6.973e-01 2.828e-01 3.536e-03 9.656e-04 8.771e-03 -1.000 1.995e-02 2.366 2.569 2.702 2.715 2.335
0.02 0.14251 7.85000 1.7750000954 2.5575671196    1.774  0.989  3.9133  4.304    1  0.000  0.538     0.00     0.00     0.00     0.00     0.00 -1    -1e-30      0.00 6.973e-01 2.828e-01 3.536e-03 9.656e-04 8.770e-03 -1.000 1.991e-02 2.299 2.510 2.635 2.648 2.289
0.02 0.14251 7.85000 1.7999999523 2.5589430332    1.799  1.014  3.9185  4.305    1  0.000  0.538     0.00     0.00     0.00     0.00     0.00 -1    -1e-30      0.00 6.973e-01 2.827e-01 3.535e-03 9.655e-04 8.770e-03 -1.000 1.995e-02 2.234 2.455 2.572 2.584 2.247
0.02 0.14251 7.85000 1.8250000477 2.5602757931    1.824  1.039  3.9236  4.306    1  0.000  0.538     0.00     0.00     0.00     0.00     0.00 -1    -1e-30      0.00 6.973e-01 2.828e-01 3.536e-03 9.655e-04 8.769e-03 -1.000 1.993e-02 2.172 2.403 2.513 2.525 2.207
0.02 0.14251 7.85000 1.8500000238 2.5615673065    1.849  1.064  3.9287  4.308    1  0.000  0.538     0.00     0.00     0.00     0.00     0.00 -1    -1e-30      0.00 6.974e-01 2.827e-01 3.535e-03 9.654e-04 8.769e-03 -1.000 1.991e-02 2.111 2.352 2.455 2.466 2.167
0.02 0.14251 7.85000 1.8750000000 2.5628192425    1.874  1.088  3.9333  4.308    1  0.000  0.538     0.00     0.00     0.00     0.00     0.00 -1    -1e-30      0.00 6.973e-01 2.827e-01 3.535e-03 9.654e-04 8.769e-03 -1.000 1.993e-02 2.049 2.301 2.398 2.409 2.127
0.02 0.14251 7.85000 1.8999999762 2.5640332699    1.899  1.112  3.9381  4.309    1  0.000  0.538     0.00     0.00     0.00     0.00     0.00 -1    -1e-30      0.00 6.974e-01 2.827e-01 3.535e-03 9.653e-04 8.769e-03 -1.000 1.992e-02 1.989 2.253 2.345 2.355 2.089
0.02 0.14251 7.85000 1.9249999523 2.5652110577    1.924  1.136  3.9428  4.309    1  0.000  0.538     0.00     0.00     0.00     0.00     0.00 -1    -1e-30      0.00 6.974e-01 2.827e-01 3.535e-03 9.653e-04 8.768e-03 -1.000 1.992e-02 1.930 2.207 2.293 2.303 2.052
0.02 0.14251 7.85000 1.9477653503 2.5662536621    1.947  1.157  3.9467  4.309    1  0.000  0.538     0.00     0.00     0.00     0.00     0.00 -1    -1e-30      0.00 6.974e-01 2.827e-01 3.535e-03 9.653e-04 8.768e-03 -1.000 1.992e-02 1.877 2.166 2.247 2.256 2.018
0.02 0.14251 7.85000 1.9932960272 2.5682566166    1.993  1.199  3.9547  4.309    1  0.000  0.538     0.00     0.00     0.00     0.00     0.00 -1    -1e-30      0.00 6.974e-01 2.827e-01 3.535e-03 9.652e-04 8.768e-03 -1.000 1.990e-02 1.773 2.087 2.160 2.168 1.952
0.02 0.14251 7.85000 2.0388267040 2.5701568127    2.038  1.239  3.9623  4.310    1  0.000  0.538     0.00     0.00     0.00     0.00     0.00 -1    -1e-30      0.00 6.974e-01 2.826e-01 3.535e-03 9.651e-04 8.767e-03 -1.000 1.997e-02 1.672 2.013 2.079 2.086 1.891
0.02 0.14251 7.85000 2.0843575001 2.5719621181    2.083  1.279  3.9695  4.308    1  0.000  0.538     0.00     0.00     0.00     0.00     0.00 -1    -1e-30      0.00 6.975e-01 2.826e-01 3.534e-03 9.651e-04 8.766e-03 -1.000 1.993e-02 1.574 1.941 2.001 2.007 1.830
0.02 0.14251 7.85000 2.1298882961 2.5736789703    2.129  1.317  3.9763  4.306    1  0.000  0.538     0.00     0.00     0.00     0.00     0.00 -1    -1e-30      0.00 6.975e-01 2.826e-01 3.534e-03 9.651e-04 8.766e-03 -1.000 1.990e-02 1.477 1.873 1.927 1.933 1.771
0.02 0.14251 7.85000 2.1754190922 2.5753133297    2.174  1.355  3.9830  4.305    1  0.000  0.538     0.00     0.00     0.00     0.00     0.00 -1    -1e-30      0.00 6.975e-01 2.826e-01 3.534e-03 9.650e-04 8.766e-03 -1.000 1.990e-02 1.383 1.808 1.857 1.862 1.714
0.02 0.14251 7.85000 2.2209496498 2.5768709183    2.219  1.391  3.9894  4.303    1  0.000  0.538     0.00     0.00     0.00     0.00     0.00 -1    -1e-30      0.00 6.975e-01 2.826e-01 3.534e-03 9.650e-04 8.765e-03 -1.000 1.991e-02 1.291 1.744 1.789 1.793 1.658
0.02 0.14251 7.85000 2.2664804459 2.5783567429    2.265  1.427  3.9956  4.300    1  0.000  0.538     0.00     0.00     0.00     0.00     0.00 -1    -1e-30      0.00 6.975e-01 2.825e-01 3.534e-03 9.649e-04 8.765e-03 -1.000 1.994e-02 1.202 1.683 1.723 1.727 1.603
0.02 0.14251 7.85000 2.3356590271 2.5804872513    2.334  1.480  4.0046  4.296    1  0.000  0.538     0.00     0.00     0.00     0.00     0.00 -1    -1e-30      0.00 6.969e-01 2.831e-01 3.540e-03 9.666e-04 8.780e-03 -1.000 1.997e-02 1.070 1.593 1.628 1.630 1.522
0.02 0.14251 7.85000 2.3575420380 2.5811312199    2.356  1.497  4.0074  4.295    1  0.000  0.538     0.00     0.00     0.00     0.00     0.00 -1    -1e-30      0.00 6.967e-01 2.833e-01 3.542e-03 9.672e-04 8.785e-03 -1.000 1.998e-02 1.029 1.565 1.598 1.601 1.497
0.02 0.14251 7.85000 2.3883104324 2.5820140839    2.387  1.519  4.0112  4.293    1  0.000  0.538     0.00     0.00     0.00     0.00     0.00 -1    -1e-30      0.00 6.966e-01 2.834e-01 3.543e-03 9.675e-04 8.787e-03 -1.000 1.999e-02 0.972 1.526 1.557 1.559 1.462
0.02 0.14251 7.85000 2.5396647453 2.5860002041    2.538  1.627  4.0290  4.283    1  0.000  0.538     0.00     0.00     0.00     0.00     0.00 -1    -1e-30      0.00 6.960e-01 2.840e-01 3.549e-03 9.691e-04 8.802e-03 -1.000 2.000e-02 0.702 1.344 1.365 1.365 1.294
0.02 0.14251 7.85000 2.7217876911 2.5901277065    2.720  1.750  4.0487  4.269    1  0.000  0.538     0.00     0.00     0.00     0.00     0.00 -1    -1e-30      0.00 6.960e-01 2.840e-01 3.549e-03 9.691e-04 8.802e-03 -1.000 2.000e-02 0.394 1.135 1.147 1.145 1.099
0.02 0.14251 7.85000 2.9039103985 2.5936655998    2.902  1.866  4.0667  4.254    1  0.000  0.538     0.00     0.00     0.00     0.00     0.00 -1    -1e-30      0.00 6.960e-01 2.840e-01 3.549e-03 9.691e-04 8.802e-03 -1.000 2.000e-02 0.105 0.938 0.942 0.939 0.913
0.02 0.14251 7.85000 3.0679917336 2.5964426994    3.066  1.965  4.0817  4.239    1  0.000  0.538     0.00     0.00     0.00     0.00     0.00 -1    -1e-30      0.00 6.960e-01 2.840e-01 3.549e-03 9.691e-04 8.802e-03 -1.000 2.000e-02 -0.142 0.769 0.767 0.764 0.753
0.02 0.14251 7.85000 3.0860338211 2.5967276096    3.084  1.975  4.0833  4.237    1  0.000  0.538     0.00     0.00     0.00     0.00     0.00 -1    -1e-30      0.00 6.960e-01 2.840e-01 3.549e-03 9.691e-04 8.802e-03 -1.000 2.000e-02 -0.168 0.751 0.749 0.745 0.736
0.02 0.14251 7.85000 3.0948514938 2.5968651772    3.093  1.980  4.0841  4.236    1  0.000  0.538     0.00     0.00     0.00     0.00     0.00 -1    -1e-30      0.00 6.960e-01 2.840e-01 3.549e-03 9.691e-04 8.802e-03 -1.000 2.000e-02 -0.181 0.743 0.739 0.736 0.728
0.02 0.14251 7.85000 3.2681567669 2.5994002819    3.266  2.080  4.0987  4.219    1  0.000  0.538     0.00     0.00     0.00     0.00     0.00 -1    -1e-30      0.00 6.960e-01 2.840e-01 3.549e-03 9.691e-04 8.802e-03 -1.000 2.000e-02 -0.429 0.573 0.564 0.559 0.566
0.02 0.14251 7.85000 3.2690789700 2.5994129181    3.267  2.080  4.0988  4.219    1  0.000  0.538     0.00     0.00     0.00     0.00     0.00 -1    -1e-30      0.00 6.960e-01 2.840e-01 3.549e-03 9.691e-04 8.802e-03 -1.000 2.000e-02 -0.430 0.572 0.563 0.558 0.565
0.02 0.14251 7.85000 3.4272005558 2.6014692783    3.424  2.167  4.1113  4.203    1  0.000  0.538     0.00     0.00     0.00     0.00     0.00 -1    -1e-30      0.00 6.960e-01 2.840e-01 3.549e-03 9.691e-04 8.802e-03 -1.000 2.000e-02 -0.647 0.423 0.410 0.404 0.423
0.02 0.14251 7.85000 3.4502787590 2.6017513275    3.447  2.179  4.1131  4.201    1  0.000  0.538     0.00     0.00     0.00     0.00     0.00 -1    -1e-30      0.00 6.960e-01 2.840e-01 3.549e-03 9.691e-04 8.802e-03 -1.000 2.000e-02 -0.678 0.402 0.387 0.382 0.402
0.02 0.14251 7.85000 3.6324019432 2.6038331985    3.629  2.275  4.1262  4.180    1  0.000  0.538     0.00     0.00     0.00     0.00     0.00 -1    -1e-30      0.00 6.960e-01 2.840e-01 3.549e-03 9.691e-04 8.802e-03 -1.000 2.000e-02 -0.918 0.235 0.216 0.209 0.242
0.02 0.14251 7.85000 3.8145248890 2.6056883335    3.812  2.368  4.1384  4.157    1  0.000  0.538     0.00     0.00     0.00     0.00     0.00 -1    -1e-30      0.00 6.960e-01 2.840e-01 3.549e-03 9.691e-04 8.802e-03 -1.000 2.000e-02 -1.150 0.071 0.047 0.040 0.084
0.02 0.14251 7.85000 3.8505640030 2.6060316563    3.849  2.386  4.1407  4.152    1  0.000  0.538     0.00     0.00     0.00     0.00     0.00 -1    -1e-30      0.00 6.960e-01 2.840e-01 3.549e-03 9.691e-04 8.802e-03 -1.000 2.000e-02 -1.195 0.039 0.014 0.007 0.054
0.02 0.14251 7.85000 3.9966478348 2.6073503494    3.997  2.458  4.1495  4.132    1  0.000  0.538     0.00     0.00     0.00     0.00     0.00 -1    -1e-30      0.00 6.960e-01 2.840e-01 3.549e-03 9.691e-04 8.802e-03 -1.000 2.000e-02 -1.375 -0.092 -0.119 -0.128 -0.072
0.02 0.14251 7.85000 4.0824866295 2.6080746651    4.082  2.499  4.1544  4.119    1  0.000  0.538     0.00     0.00     0.00     0.00     0.00 -1    -1e-30      0.00 6.960e-01 2.840e-01 3.549e-03 9.691e-04 8.802e-03 -1.000 2.000e-02 -1.478 -0.166 -0.196 -0.204 -0.144
0.02 0.14251 7.85000 4.1787710190 2.6088466644    4.177  2.545  4.1597  4.105    1  0.000  0.538     0.00     0.00     0.00     0.00     0.00 -1    -1e-30      0.00 6.960e-01 2.840e-01 3.549e-03 9.691e-04 8.802e-03 -1.000 2.000e-02 -1.592 -0.250 -0.282 -0.290 -0.225
0.02 0.14251 7.85000 4.1854405403 2.6088986397    4.183  2.548  4.1601  4.104    1  0.000  0.538     0.00     0.00     0.00     0.00     0.00 -1    -1e-30      0.00 6.960e-01 2.840e-01 3.549e-03 9.691e-04 8.802e-03 -1.000 2.000e-02 -1.600 -0.256 -0.287 -0.296 -0.231
0.02 0.14251 7.85000 4.3608937263 2.6102004051    4.358  2.630  4.1689  4.075    1  0.000  0.538     0.00     0.00     0.00     0.00     0.00 -1    -1e-30      0.00 6.960e-01 2.840e-01 3.549e-03 9.691e-04 8.802e-03 -1.000 2.000e-02 -1.805 -0.411 -0.446 -0.455 -0.381
0.02 0.14251 7.85000 4.4939079285 2.6111097336    4.490  2.692  4.1748  4.050    1  0.000  0.538     0.00     0.00     0.00     0.00     0.00 -1    -1e-30      0.00 6.960e-01 2.840e-01 3.549e-03 9.691e-04 8.802e-03 -1.000 2.000e-02 -1.959 -0.531 -0.568 -0.578 -0.498
0.02 0.14251 7.85000 4.5430164337 2.6114299297    4.539  2.714  4.1767  4.040    1  0.000  0.538     0.00     0.00     0.00     0.00     0.00 -1    -1e-30      0.00 6.960e-01 2.840e-01 3.549e-03 9.691e-04 8.802e-03 -1.000 2.000e-02 -2.016 -0.577 -0.615 -0.625 -0.543
0.02 0.14251 7.85000 4.6385002136 2.6120302677    4.635  2.758  4.1804  4.019    1  0.000  0.538     0.00     0.00     0.00     0.00     0.00 -1    -1e-30      0.00 6.960e-01 2.840e-01 3.549e-03 9.691e-04 8.802e-03 -1.000 2.000e-02 -2.126 -0.666 -0.705 -0.715 -0.630
0.02 0.14251 7.85000 4.7251396179 2.6125512123    4.722  2.798  4.1834  3.999    1  0.000  0.538     0.00     0.00     0.00     0.00     0.00 -1    -1e-30      0.00 6.960e-01 2.840e-01 3.549e-03 9.691e-04 8.802e-03 -1.000 2.000e-02 -2.225 -0.748 -0.788 -0.799 -0.711
0.02 0.14251 7.85000 4.7725410461 2.6128268242    4.769  2.820  4.1849  3.988    1  0.000  0.538     0.00     0.00     0.00     0.00     0.00 -1    -1e-30      0.00 6.960e-01 2.840e-01 3.549e-03 9.691e-04 8.802e-03 -1.000 2.000e-02 -2.279 -0.793 -0.834 -0.844 -0.755
0.02 0.14251 7.85000 4.8918495178 2.6134936810    4.889  2.874  4.1883  3.958    1  0.000  0.538     0.00     0.00     0.00     0.00     0.00 -1    -1e-30      0.00 6.960e-01 2.840e-01 3.549e-03 9.691e-04 8.802e-03 -1.000 2.000e-02 -2.415 -0.910 -0.952 -0.962 -0.870
0.02 0.14251 7.85000 4.9072623253 2.6135771275    4.905  2.881  4.1886  3.954    1  0.000  0.538     0.00     0.00     0.00     0.00     0.00 -1    -1e-30      0.00 6.960e-01 2.840e-01 3.549e-03 9.691e-04 8.802e-03 -1.000 2.000e-02 -2.433 -0.926 -0.968 -0.979 -0.886
0.02 0.14251 7.85000 4.9908294678 2.6140191555    4.989  2.920  4.1901  3.929    1  0.000  0.538     0.00     0.00     0.00     0.00     0.00 -1    -1e-30      0.00 6.960e-01 2.840e-01 3.549e-03 9.691e-04 8.802e-03 -1.000 2.000e-02 -2.529 -1.014 -1.056 -1.067 -0.973
0.02 0.14251 7.85000 5.0815811157 2.6144804955    5.080  2.962  4.1912  3.899    1  0.000  0.538     0.00     0.00     0.00     0.00     0.00 -1    -1e-30      0.00 6.960e-01 2.840e-01 3.549e-03 9.691e-04 8.802e-03 -1.000 2.000e-02 -2.634 -1.113 -1.156 -1.167 -1.071
0.02 0.14251 7.85000 5.0893855095 2.6145193577    5.088  2.965  4.1912  3.896    1  0.000  0.538     0.00     0.00     0.00     0.00     0.00 -1    -1e-30      0.00 6.960e-01 2.840e-01 3.549e-03 9.691e-04 8.802e-03 -1.000 2.000e-02 -2.643 -1.121 -1.164 -1.176 -1.080
0.02 0.14251 7.85000 5.0936770439 2.6145405769    5.092  2.967  4.1913  3.895    1  0.000  0.538     0.00     0.00     0.00     0.00     0.00 -1    -1e-30      0.00 6.960e-01 2.840e-01 3.549e-03 9.691e-04 8.802e-03 -1.000 2.000e-02 -2.648 -1.126 -1.169 -1.180 -1.085
0.02 0.14251 7.85000 5.1771354675 2.6149461269    5.176  3.006  4.1917  3.865    1  0.000  0.538     0.00     0.00     0.00     0.00     0.00 -1    -1e-30      0.00 6.960e-01 2.840e-01 3.549e-03 9.691e-04 8.802e-03 -1.000 2.000e-02 -2.745 -1.221 -1.264 -1.275 -1.179
0.02 0.14251 7.85000 5.2715082169 2.6153869629    5.271  3.050  4.1913  3.827    1  0.000  0.538     0.00     0.00     0.00     0.00     0.00 -1    -1e-30      0.00 6.960e-01 2.840e-01 3.549e-03 9.691e-04 8.802e-03 -1.000 2.000e-02 -2.855 -1.333 -1.377 -1.388 -1.292
0.02 0.14251 7.85000 5.2834072113 2.6154410839    5.283  3.056  4.1913  3.822    1  0.000  0.538     0.00     0.00     0.00     0.00     0.00 -1    -1e-30      0.00 6.960e-01 2.840e-01 3.549e-03 9.691e-04 8.802e-03 -1.000 2.000e-02 -2.869 -1.348 -1.391 -1.402 -1.306
0.02 0.14251 7.85000 5.3799648285 2.6158714294    5.380  3.102  4.1890  3.775    1  0.000  0.538     0.00     0.00     0.00     0.00     0.00 -1    -1e-30      0.00 6.960e-01 2.840e-01 3.549e-03 9.691e-04 8.802e-03 -1.000 2.000e-02 -2.985 -1.477 -1.520 -1.531 -1.437
0.02 0.14251 7.85000 5.4536314011 2.6161880493    5.454  3.137  4.1865  3.735    1  0.000  0.538     0.00     0.00     0.00     0.00     0.00 -1    -1e-30      0.00 6.960e-01 2.840e-01 3.549e-03 9.691e-04 8.802e-03 -1.000 2.000e-02 -3.073 -1.581 -1.623 -1.635 -1.543
0.02 0.14251 7.85000 5.5223550797 2.6164748669    5.522  3.170  4.1835  3.696    1  0.000  0.538     0.00     0.00     0.00     0.00     0.00 -1    -1e-30      0.00 6.960e-01 2.840e-01 3.549e-03 9.691e-04 8.802e-03 -1.000 2.000e-02 -3.156 -1.682 -1.723 -1.734 -1.645
0.02 0.14251 7.85000 5.6072840691 2.6168179512    5.608  3.212  4.1774  3.636    1  0.000  0.538     0.00     0.00     0.00     0.00     0.00 -1    -1e-30      0.00 6.960e-01 2.840e-01 3.549e-03 9.691e-04 8.802e-03 -1.000 2.000e-02 -3.260 -1.823 -1.862 -1.873 -1.789
0.02 0.14251 7.85000 5.6357536316 2.6169302464    5.636  3.226  4.1747  3.613    1  0.000  0.538     0.00     0.00     0.00     0.00     0.00 -1    -1e-30      0.00 6.960e-01 2.840e-01 3.549e-03 9.691e-04 8.802e-03 -1.000 2.000e-02 -3.296 -1.875 -1.913 -1.924 -1.843
0.02 0.14251 7.85000 5.6880235672 2.6171331406    5.688  3.253  4.1696  3.571    1  0.000  0.538     0.00     0.00     0.00     0.00     0.00 -1    -1e-30      0.00 6.960e-01 2.840e-01 3.549e-03 9.691e-04 8.802e-03 -1.000 2.000e-02 -3.362 -1.971 -2.007 -2.018 -1.941
0.02 0.14251 7.85000 5.7571706772 2.6173949242    5.758  3.289  4.1615  3.508    1  0.000  0.538     0.00     0.00     0.00     0.00     0.00 -1    -1e-30      0.00 6.960e-01 2.840e-01 3.549e-03 9.691e-04 8.802e-03 -1.000 2.000e-02 -3.451 -2.107 -2.141 -2.152 -2.083
0.02 0.14251 7.85000 5.8155145645 2.6176104546    5.816  3.322  4.1539  3.449    1  0.000  0.538     0.00     0.00     0.00     0.00     0.00 -1    -1e-30      0.00 6.960e-01 2.840e-01 3.549e-03 9.691e-04 8.802e-03 -1.000 2.000e-02 -3.535 -2.235 -2.266 -2.276 -2.215
0.02 0.14251 7.85000 5.8178763390 2.6176190376    5.818  3.323  4.1537  3.446    1  0.000  0.538     0.00     0.00     0.00     0.00     0.00 -1    -1e-30      0.00 6.960e-01 2.840e-01 3.549e-03 9.691e-04 8.802e-03 -1.000 2.000e-02 -3.538 -2.240 -2.271 -2.281 -2.220
0.02 0.14251 7.85000 5.8632388115 2.6177830696    5.864  3.351  4.1493  3.404    1  0.000  0.538     0.00     0.00     0.00     0.00     0.00 -1    -1e-30      0.00 6.960e-01 2.840e-01 3.549e-03 9.691e-04 8.802e-03 -1.000 2.000e-02 -3.609 -2.336 -2.366 -2.376 -2.319
0.02 0.14251 7.85000 5.8781433105 2.6178362370    5.879  3.365  4.1530  3.406    1  0.000  0.538     0.00     0.00     0.00     0.00     0.00 -1    -1e-30      0.00 6.960e-01 2.840e-01 3.549e-03 9.691e-04 8.802e-03 -1.000 2.000e-02 -3.643 -2.349 -2.381 -2.391 -2.330
0.02 0.14251 7.85000 5.8942832947 2.6178934574    5.895  3.388  4.1649  3.433    1  0.000  0.538     0.00     0.00     0.00     0.00     0.00 -1    -1e-30      0.00 6.960e-01 2.840e-01 3.549e-03 9.691e-04 8.802e-03 -1.000 2.000e-02 -3.699 -2.336 -2.372 -2.382 -2.310
0.02 0.14251 7.85000 5.8991050720 2.6179106236    5.900  3.404  4.1768  3.464    1  0.000  0.538     0.00     0.00     0.00     0.00     0.00 -1    -1e-30      0.00 6.960e-01 2.840e-01 3.549e-03 9.691e-04 8.802e-03 -1.000 2.000e-02 -3.739 -2.308 -2.347 -2.358 -2.275
0.02 0.14251 7.85000 5.9011993408 2.6179180145    5.902  3.420  4.1879  3.492    1  0.000  0.538     0.00     0.00     0.00     0.00     0.00 -1    -1e-30      0.00 6.960e-01 2.840e-01 3.549e-03 9.691e-04 8.802e-03 -1.000 2.000e-02 -3.780 -2.284 -2.327 -2.339 -2.245
0.02 0.14251 7.85000 5.9022951126 2.6179218292    5.903  3.438  4.1982  3.516    1  0.000  0.538     0.00     0.00     0.00     0.00     0.00 -1    -1e-30      0.00 6.960e-01 2.840e-01 3.549e-03 9.691e-04 8.802e-03 -1.000 2.000e-02 -3.825 -2.268 -2.315 -2.327 -2.224
0.02 0.14251 7.85000 5.9029250145 2.6179239750    5.903  3.454  4.2064  3.532    1  0.000  0.538     0.00     0.00     0.00     0.00     0.00 -1    -1e-30      0.00 6.960e-01 2.840e-01 3.549e-03 9.691e-04 8.802e-03 -1.000 2.000e-02 -3.866 -2.261 -2.310 -2.323 -2.212
0.02 0.14251 7.85000 5.9031014442 2.6179246902    5.904  3.458  4.2085  3.537    1  0.000  0.538     0.00     0.00     0.00     0.00     0.00 -1    -1e-30      0.00 6.960e-01 2.840e-01 3.549e-03 9.691e-04 8.802e-03 -1.000 2.000e-02 -3.876 -2.258 -2.308 -2.321 -2.208
0.02 0.14251 7.85000 5.9034056664 2.6179256439    5.904  3.430  4.2004  3.533    2  0.000  0.538     0.00     0.00     0.00     0.00     0.00 -1    -1e-30      0.00 6.960e-01 2.840e-01 3.549e-03 9.691e-04 8.802e-03 -1.000 2.000e-02 -3.805 -2.235 -2.282 -2.295 -2.189
0.02 0.14251 7.85000 5.9036040306 2.6179263592    5.904  3.409  4.1911  3.516    2  0.000  0.538     0.00     0.00     0.00     0.00     0.00 -1    -1e-30      0.00 6.960e-01 2.840e-01 3.549e-03 9.691e-04 8.802e-03 -1.000 2.000e-02 -3.754 -2.238 -2.283 -2.294 -2.198
0.02 0.14251 7.85000 5.9038195610 2.6179273129    5.904  3.398  4.1786  3.478    2  0.000  0.538     0.00     0.00     0.00     0.00     0.00 -1    -1e-30      0.00 6.960e-01 2.840e-01 3.549e-03 9.691e-04 8.802e-03 -1.000 2.000e-02 -3.724 -2.281 -2.321 -2.333 -2.248
0.02 0.14251 7.85000 5.9040241241 2.6179280281    5.904  3.400  4.1669  3.429    2  0.000  0.538     0.00     0.00     0.00     0.00     0.00 -1    -1e-30      0.00 6.960e-01 2.840e-01 3.549e-03 9.691e-04 8.802e-03 -1.000 2.000e-02 -3.730 -2.356 -2.392 -2.402 -2.329
0.02 0.14251 7.85000 5.9042344093 2.6179287434    5.905  3.410  4.1552  3.372    2  0.000  0.538     0.00     0.00     0.00     0.00     0.00 -1    -1e-30      0.00 6.960e-01 2.840e-01 3.549e-03 9.691e-04 8.802e-03 -1.000 2.000e-02 -3.754 -2.448 -2.480 -2.490 -2.427
0.02 0.14251 7.85000 5.9044528008 2.6179294586    5.905  3.421  4.1436  3.315    2  0.000  0.538     0.00     0.00     0.00     0.00     0.00 -1    -1e-30      0.00 6.960e-01 2.840e-01 3.549e-03 9.691e-04 8.802e-03 -1.000 2.000e-02 -3.782 -2.543 -2.570 -2.580 -2.529
0.02 0.14251 7.85000 5.9046764374 2.6179301739    5.905  3.430  4.1320  3.259    2  0.000  0.538     0.00     0.00     0.00     0.00     0.00 -1    -1e-30      0.00 6.960e-01 2.840e-01 3.549e-03 9.691e-04 8.802e-03 -1.000 2.000e-02 -3.805 -2.631 -2.655 -2.664 -2.624
0.02 0.14251 7.85000 5.9049029350 2.6179311275    5.905  3.437  4.1203  3.205    2  0.000  0.538     0.00     0.00     0.00     0.00     0.00 -1    -1e-30      0.00 6.960e-01 2.840e-01 3.549e-03 9.691e-04 8.802e-03 -1.000 2.000e-02 -3.823 -2.715 -2.734 -2.743 -2.715
0.02 0.14251 7.85000 5.9051299095 2.6179318428    5.906  3.442  4.1086  3.154    2  0.000  0.538     0.00     0.00     0.00     0.00     0.00 -1    -1e-30      0.00 6.960e-01 2.840e-01 3.549e-03 9.691e-04 8.802e-03 -1.000 2.000e-02 -3.835 -2.792 -2.807 -2.815 -2.799
0.02 0.14251 7.85000 5.9053549767 2.6179325581    5.906  3.445  4.0970  3.104    2  0.000  0.538     0.00     0.00     0.00     0.00     0.00 -1    -1e-30      0.00 6.960e-01 2.840e-01 3.549e-03 9.691e-04 8.802e-03 -1.000 2.000e-02 -3.842 -2.865 -2.875 -2.883 -2.878
0.02 0.14251 7.85000 5.9055771828 2.6179332733    5.906  3.447  4.0853  3.056    2  0.000  0.538     0.00     0.00     0.00     0.00     0.00 -1    -1e-30      0.00 6.960e-01 2.840e-01 3.549e-03 9.691e-04 8.802e-03 -1.000 2.000e-02 -3.847 -2.932 -2.938 -2.945 -2.952
0.02 0.14251 7.85000 5.9057946205 2.6179342270    5.906  3.447  4.0736  3.008    2  0.000  0.538     0.00     0.00     0.00     0.00     0.00 -1    -1e-30      0.00 6.960e-01 2.840e-01 3.549e-03 9.691e-04 8.802e-03 -1.000 2.000e-02 -3.849 -2.996 -2.998 -3.004 -3.022
0.02 0.14251 7.85000 5.9060063362 2.6179349422    5.906  3.447  4.0619  2.962    2  0.000  0.538     0.00     0.00     0.00     0.00     0.00 -1    -1e-30      0.00 6.960e-01 2.840e-01 3.549e-03 9.691e-04 8.802e-03 -1.000 2.000e-02 -3.848 -3.056 -3.053 -3.058 -3.089
0.02 0.14251 7.85000 5.9062113762 2.6179356575    5.907  3.446  4.0503  2.916    2  0.000  0.538     0.00     0.00     0.00     0.00     0.00 -1    -1e-30      0.00 6.960e-01 2.840e-01 3.549e-03 9.691e-04 8.802e-03 -1.000 2.000e-02 -3.845 -3.112 -3.105 -3.109 -3.152
0.02 0.14251 7.85000 5.9064097404 2.6179363728    5.907  3.444  4.0386  2.871    2  0.000  0.538     0.00     0.00     0.00     0.00     0.00 -1    -1e-30      0.00 6.960e-01 2.840e-01 3.549e-03 9.691e-04 8.802e-03 -1.000 2.000e-02 -3.841 -3.166 -3.153 -3.157 -3.213
0.02 0.14251 7.85000 5.9065999985 2.6179370880    5.907  3.442  4.0269  2.827    2  0.000  0.538     0.00     0.00     0.00     0.00     0.00 -1    -1e-30      0.00 6.960e-01 2.840e-01 3.549e-03 9.691e-04 8.802e-03 -1.000 2.000e-02 -3.835 -3.216 -3.199 -3.202 -3.271
0.02 0.14251 7.85000 5.9067831039 2.6179375648    5.907  3.439  4.0151  2.783    2  0.000  0.538     0.00     0.00     0.00     0.00     0.00 -1    -1e-30      0.00 6.960e-01 2.840e-01 3.549e-03 9.691e-04 8.802e-03 -1.000 2.000e-02 -3.827 -3.264 -3.242 -3.244 -3.327
0.02 0.14251 7.85000 5.9069576263 2.6179382801    5.907  3.435  4.0034  2.740    2  0.000  0.538     0.00     0.00     0.00     0.00     0.00 -1    -1e-30      0.00 6.960e-01 2.840e-01 3.549e-03 9.691e-04 8.802e-03 -1.000 2.000e-02 -3.818 -3.309 -3.282 -3.284 -3.380
0.02 0.14251 7.85000 5.9071245193 2.6179387569    5.908  3.431  3.9917  2.697    2  0.000  0.538     0.00     0.00     0.00     0.00     0.00 -1    -1e-30      0.00 6.960e-01 2.840e-01 3.549e-03 9.691e-04 8.802e-03 -1.000 2.000e-02 -3.808 -3.352 -3.319 -3.321 -3.431
0.02 0.14251 7.85000 5.9072837830 2.6179394722    5.908  3.427  3.9800  2.655    2  0.000  0.538     0.00     0.00     0.00     0.00     0.00 -1    -1e-30      0.00 6.960e-01 2.840e-01 3.549e-03 9.691e-04 8.802e-03 -1.000 2.000e-02 -3.797 -3.392 -3.354 -3.354 -3.480
0.02 0.14251 7.85000 5.9074358940 2.6179399490    5.908  3.422  3.9683  2.612    2  0.000  0.538     0.00     0.00     0.00     0.00     0.00 -1    -1e-30      0.00 6.960e-01 2.840e-01 3.549e-03 9.691e-04 8.802e-03 -1.000 2.000e-02 -3.785 -3.429 -3.385 -3.384 -3.527
0.02 0.14251 7.85000 5.9075808525 2.6179404259    5.908  3.417  3.9566  2.571    2  0.000  0.538     0.00     0.00     0.00     0.00     0.00 -1    -1e-30      0.00 6.960e-01 2.840e-01 3.549e-03 9.691e-04 8.802e-03 -1.000 2.000e-02 -3.772 -3.463 -3.411 -3.410 -3.571
0.02 0.14251 7.85000 5.9077191353 2.6179409027    5.908  3.411  3.9449  2.530    2  0.000  0.538     0.00     0.00     0.00     0.00     0.00 -1    -1e-30      0.00 6.960e-01 2.840e-01 3.549e-03 9.691e-04 8.802e-03 -1.000 2.000e-02 -3.759 -3.493 -3.433 -3.430 -3.614
0.02 0.14251 7.85000 5.9078507423 2.6179413795    5.908  3.406  3.9332  2.489    2  0.000  0.538     0.00     0.00     0.00     0.00     0.00 -1    -1e-30      0.00 6.960e-01 2.840e-01 3.549e-03 9.691e-04 8.802e-03 -1.000 2.000e-02 -3.744 -3.518 -3.449 -3.445 -3.654
0.02 0.14251 7.85000 5.9079761505 2.6179418564    5.908  3.399  3.9215  2.448    2  0.000  0.538     0.00     0.00     0.00     0.00     0.00 -1    -1e-30      0.00 6.960e-01 2.840e-01 3.549e-03 9.691e-04 8.802e-03 -1.000 2.000e-02 -3.728 -3.536 -3.455 -3.450 -3.690
0.02 0.14251 7.85000 5.9080948830 2.6179423332    5.909  3.393  3.9097  2.407    2  0.000  0.538     0.00     0.00     0.00     0.00     0.00 -1    -1e-30      0.00 6.960e-01 2.840e-01 3.549e-03 9.691e-04 8.802e-03 -1.000 2.000e-02 -3.712 -3.547 -3.454 -3.447 -3.723
0.02 0.14251 7.85000 5.9082074165 2.6179425716    5.909  3.386  3.8980  2.367    2  0.000  0.538     0.00     0.00     0.00     0.00     0.00 -1    -1e-30      0.00 6.960e-01 2.840e-01 3.549e-03 9.691e-04 8.802e-03 -1.000 2.000e-02 -3.696 -3.553 -3.445 -3.436 -3.752
0.02 0.14251 7.85000 5.9083147049 2.6179430485    5.909  3.379  3.8863  2.327    2  0.000  0.538     0.00     0.00     0.00     0.00     0.00 -1    -1e-30      0.00 6.960e-01 2.840e-01 3.549e-03 9.691e-04 8.802e-03 -1.000 2.000e-02 -3.678 -3.554 -3.429 -3.418 -3.779
0.02 0.14251 7.85000 5.9084162712 2.6179432869    5.909  3.372  3.8746  2.288    2  0.000  0.538     0.00     0.00     0.00     0.00     0.00 -1    -1e-30      0.00 6.960e-01 2.840e-01 3.549e-03 9.691e-04 8.802e-03 -1.000 2.000e-02 -3.661 -3.549 -3.406 -3.394 -3.803
0.02 0.14251 7.85000 5.9085125923 2.6179437637    5.909  3.365  3.8629  2.248    2  0.000  0.538     0.00     0.00     0.00     0.00     0.00 -1    -1e-30      0.00 6.960e-01 2.840e-01 3.549e-03 9.691e-04 8.802e-03 -1.000 2.000e-02 -3.642 -3.542 -3.378 -3.364 -3.826
0.02 0.14251 7.85000 5.9086046219 2.6179440022    5.909  3.357  3.8511  2.209    2  0.000  0.538     0.00     0.00     0.00     0.00     0.00 -1    -1e-30      0.00 6.960e-01 2.840e-01 3.549e-03 9.691e-04 8.802e-03 -1.000 2.000e-02 -3.624 -3.530 -3.344 -3.328 -3.848
0.02 0.14251 7.85000 5.9086914062 2.6179442406    5.909  3.350  3.8394  2.169    2  0.000  0.538     0.00     0.00     0.00     0.00     0.00 -1    -1e-30      0.00 6.960e-01 2.840e-01 3.549e-03 9.691e-04 8.802e-03 -1.000 2.000e-02 -3.605 -3.516 -3.306 -3.288 -3.866
0.02 0.14251 7.85000 5.9087743759 2.6179447174    5.909  3.342  3.8277  2.130    2  0.000  0.538     0.00     0.00     0.00     0.00     0.00 -1    -1e-30      0.00 6.960e-01 2.840e-01 3.549e-03 9.691e-04 8.802e-03 -1.000 2.000e-02 -3.586 -3.500 -3.265 -3.245 -3.882
0.02 0.14251 7.85000 5.9088530540 2.6179449558    5.909  3.335  3.8160  2.091    2  0.000  0.538     0.00     0.00     0.00     0.00     0.00 -1    -1e-30      0.00 6.960e-01 2.840e-01 3.549e-03 9.691e-04 8.802e-03 -1.000 2.000e-02 -3.566 -3.480 -3.221 -3.199 -3.893
0.02 0.14251 7.85000 5.9089274406 2.6179451942    5.909  3.327  3.8043  2.052    2  0.000  0.538     0.00     0.00     0.00     0.00     0.00 -1    -1e-30      0.00 6.960e-01 2.840e-01 3.549e-03 9.691e-04 8.802e-03 -1.000 2.000e-02 -3.547 -3.459 -3.173 -3.149 -3.905
0.02 0.14251 7.85000 5.9089984894 2.6179454327    5.909  3.319  3.7927  2.013    2  0.000  0.538     0.00     0.00     0.00     0.00     0.00 -1    -1e-30      0.00 6.960e-01 2.840e-01 3.549e-03 9.691e-04 8.802e-03 -1.000 2.000e-02 -3.527 -3.435 -3.121 -3.095 -3.913
0.02 0.14251 7.85000 5.9090657234 2.6179456711    5.909  3.311  3.7810  1.975    2  0.000  0.538     0.00     0.00     0.00     0.00     0.00 -1    -1e-30      0.00 6.960e-01 2.840e-01 3.549e-03 9.691e-04 8.802e-03 -1.000 2.000e-02 -3.507 -3.409 -3.067 -3.038 -3.919
0.02 0.14251 7.85000 5.9091291428 2.6179459095    5.910  3.302  3.7694  1.937    2  0.000  0.538     0.00     0.00     0.00     0.00     0.00 -1    -1e-30      0.00 6.960e-01 2.840e-01 3.549e-03 9.691e-04 8.802e-03 -1.000 2.000e-02 -3.486 -3.380 -3.006 -2.975 -3.922
0.02 0.14251 7.85000 5.9091901779 2.6179461479    5.910  3.294  3.7579  1.899    2  0.000  0.538     0.00     0.00     0.00     0.00     0.00 -1    -1e-30      0.00 6.960e-01 2.840e-01 3.549e-03 9.691e-04 8.802e-03 -1.000 2.000e-02 -3.466 -3.348 -2.943 -2.911 -3.920
0.02 0.14251 7.85000 5.9092478752 2.6179463863    5.910  3.286  3.7464  1.861    2  0.000  0.538     0.00     0.00     0.00     0.00     0.00 -1    -1e-30      0.00 6.960e-01 2.840e-01 3.549e-03 9.691e-04 8.802e-03 -1.000 2.000e-02 -3.445 -3.312 -2.877 -2.843 -3.914
0.02 0.14251 7.85000 5.9093036652 2.6179466248    5.910  3.277  3.7350  1.824    2  0.000  0.538     0.00     0.00     0.00     0.00     0.00 -1    -1e-30      0.00 6.960e-01 2.840e-01 3.549e-03 9.691e-04 8.802e-03 -1.000 2.000e-02 -3.423 -3.273 -2.808 -2.772 -3.902
0.02 0.14251 7.85000 5.9093585014 2.6179466248    5.910  3.268  3.7238  1.789    2  0.000  0.538     0.00     0.00     0.00     0.00     0.00 -1    -1e-30      0.00 6.960e-01 2.840e-01 3.549e-03 9.691e-04 8.802e-03 -1.000 2.000e-02 -3.400 -3.230 -2.736 -2.699 -3.884
0.02 0.14251 7.85000 5.9094152451 2.6179468632    5.910  3.258  3.7127  1.755    2  0.000  0.538     0.00     0.00     0.00     0.00     0.00 -1    -1e-30      0.00 6.960e-01 2.840e-01 3.549e-03 9.691e-04 8.802e-03 -1.000 2.000e-02 -3.375 -3.181 -2.658 -2.620 -3.860
0.02 0.14251 7.85000 5.9094781876 2.6179471016    5.910  3.245  3.7016  1.723    2  0.000  0.538     0.00     0.00     0.00     0.00     0.00 -1    -1e-30      0.00 6.960e-01 2.840e-01 3.549e-03 9.691e-04 8.802e-03 -1.000 2.000e-02 -3.344 -3.124 -2.572 -2.532 -3.826
0.02 0.14251 7.85000 5.9095568657 2.6179473400    5.910  3.229  3.6910  1.697    2  0.000  0.538     0.00     0.00     0.00     0.00     0.00 -1    -1e-30      0.00 6.960e-01 2.840e-01 3.549e-03 9.691e-04 8.802e-03 -1.000 2.000e-02 -3.302 -3.053 -2.474 -2.433 -3.777
0.02 0.14251 7.85000 5.9096999168 2.6179478168    5.910  3.198  3.6785  1.678    2  0.000  0.538     0.00     0.00     0.00     0.00     0.00 -1    -1e-30      0.00 6.960e-01 2.840e-01 3.549e-03 9.691e-04 8.802e-03 -1.000 2.000e-02 -3.224 -2.941 -2.334 -2.293 -3.686
0.02 0.14251 7.85000 5.9098219872 2.6179482937    5.910  3.172  3.6696  1.668    2  0.000  0.538     0.00     0.00     0.00     0.00     0.00 -1    -1e-30      0.00 6.960e-01 2.840e-01 3.549e-03 9.691e-04 8.802e-03 -1.000 2.000e-02 -3.161 -2.847 -2.221 -2.178 -3.608
0.02 0.14251 7.85000 5.9099578857 2.6179487705    5.910  3.153  3.6605  1.651    2  0.000  0.538     0.00     0.00     0.00     0.00     0.00 -1    -1e-30      0.00 6.960e-01 2.840e-01 3.549e-03 9.691e-04 8.802e-03 -1.000 2.000e-02 -3.111 -2.763 -2.113 -2.070 -3.541
0.02 0.14251 7.85000 5.9100041389 2.6179490089    5.910  3.148  3.6575  1.644    2  0.000  0.538     0.00     0.00     0.00     0.00     0.00 -1    -1e-30      0.00 6.960e-01 2.840e-01 3.549e-03 9.691e-04 8.802e-03 -1.000 2.000e-02 -3.099 -2.738 -2.076 -2.033 -3.524
0.02 0.14251 7.85000 5.9100542068 2.6179492474    5.911  3.150  3.6542  1.629    3  0.000  0.538     0.00     0.00     0.00     0.00     0.00 -1    -1e-30      0.00 6.960e-01 2.840e-01 3.549e-03 9.691e-04 8.802e-03 -1.000 2.000e-02 -3.104 -2.729 -2.057 -2.014 -3.522
0.02 0.14251 7.85000 5.9101877213 2.6179497242    5.911  3.177  3.6449  1.564    3  0.000  0.538     0.00     0.00     0.00     0.00     0.00 -1    -1e-30      0.00 6.960e-01 2.840e-01 3.549e-03 9.691e-04 8.802e-03 -1.000 2.000e-02 -3.173 -2.757 -2.057 -2.014 -3.570
0.02 0.14251 7.85000 5.9102730751 2.6179499626    5.911  3.213  3.6387  1.503    3  0.000  0.537     0.00     0.00     0.00     0.00     0.00 -1    -1e-30      0.00 6.960e-01 2.840e-01 3.547e-03 9.694e-04 8.802e-03 -1.000 2.000e-02 -3.262 -2.817 -2.098 -2.054 -3.643
0.02 0.14251 7.85000 5.9103536606 2.6179502010    5.911  3.255  3.6329  1.438    3  0.000  0.534     0.00     0.00     0.00     0.00     0.00 -1    -1e-30      0.00 6.960e-01 2.840e-01 3.528e-03 9.739e-04 8.802e-03 -1.000 2.000e-02 -3.367 -2.892 -2.152 -2.108 -3.733
0.02 0.14251 7.85000 5.9104242325 2.6179504395    5.911  3.294  3.6281  1.380    3  0.000  0.524     0.00     0.00     0.00     0.00     0.00 -1    -1e-30      0.00 6.959e-01 2.840e-01 3.459e-03 1.012e-03 8.802e-03 -1.000 2.006e-02 -3.465 -2.964 -2.205 -2.161 -3.818
0.02 0.14251 7.85000 5.9104933739 2.6179506779    5.911  3.330  3.6240  1.328    3  0.000  0.503     0.00     0.00     0.00     0.00     0.00 -1    -1e-30      0.00 6.959e-01 2.841e-01 3.319e-03 1.143e-03 8.802e-03 -1.000 2.000e-02 -3.555 -3.032 -2.255 -2.211 -3.896
0.02 0.14251 7.85000 5.9105277061 2.6179509163    5.911  3.346  3.6222  1.304    3  0.000  0.490     0.00     0.00     0.00     0.00     0.00 -1    -1e-30      0.00 6.959e-01 2.841e-01 3.237e-03 1.233e-03 8.802e-03 -1.000 2.000e-02 -3.596 -3.063 -2.278 -2.235 -3.932
0.02 0.14251 7.85000 5.9105463028 2.6179509163    5.911  3.354  3.6214  1.294    3  0.000  0.485     0.00     0.00     0.00     0.00     0.00 -1    -1e-30      0.00 6.959e-01 2.841e-01 3.202e-03 1.275e-03 8.802e-03 -1.000 2.001e-02 -3.614 -3.077 -2.289 -2.246 -3.948
0.02 0.14251 7.85000 5.9106392860 2.6179511547    5.911  3.388  3.6179  1.245    3  0.000  0.461     0.00     0.00     0.00     0.00     0.00 -1    -1e-30      0.00 6.958e-01 2.841e-01 3.043e-03 1.469e-03 8.802e-03 -1.000 2.010e-02 -3.700 -3.141 -2.338 -2.294 -4.022
0.02 0.14251 7.85000 5.9106712341 2.6179513931    5.911  3.396  3.6171  1.234    3  0.000  0.456     0.00     0.00     0.00     0.00     0.00 -1    -1e-30      0.00 6.958e-01 2.841e-01 3.009e-03 1.510e-03 8.801e-03 -1.000 2.010e-02 -3.719 -3.156 -2.349 -2.305 -4.039
0.02 0.14251 7.85000 5.9108471870 2.6179518700    5.911  3.426  3.6140  1.192    3  0.000  0.438     0.00     0.00     0.00     0.00     0.00 -1    -1e-30      0.00 6.957e-01 2.841e-01 2.888e-03 1.660e-03 8.801e-03 -1.000 2.016e-02 -3.794 -3.211 -2.389 -2.346 -4.104
0.02 0.14251 7.85000 5.9112501144 2.6179533005    5.912  3.472  3.6092  1.127    3  0.000  0.414     0.00     0.00     0.00     0.00     0.00 -1    -1e-30      0.00 6.957e-01 2.842e-01 2.729e-03 1.857e-03 8.799e-03 -1.000 2.014e-02 -3.909 -3.296 -2.451 -2.408 -4.202
0.02 0.14251 7.85000 5.9117488861 2.6179552078    5.912  3.515  3.6049  1.066    3  0.000  0.401     0.00     0.00     0.00     0.00     0.00 -1    -1e-30      0.00 6.944e-01 2.854e-01 2.615e-03 2.090e-03 8.693e-03 -1.000 2.017e-02 -4.017 -3.375 -2.507 -2.464 -4.294
0.02 0.14251 7.85000 5.9122552872 2.6179568768    5.913  3.556  3.6010  1.010    3  0.000  0.397     0.00     0.00     0.00     0.00     0.00 -1    -1e-30      0.00 6.908e-01 2.891e-01 2.525e-03 2.382e-03 8.485e-03 -1.000 2.013e-02 -4.120 -3.451 -2.563 -2.520 -4.382
0.02 0.14251 7.85000 5.9127225876 2.6179585457    5.913  3.593  3.5977  0.959    3  0.000  0.395     0.00     0.00     0.00     0.00     0.00 -1    -1e-30      0.00 6.859e-01 2.940e-01 2.458e-03 2.638e-03 8.288e-03 -1.000 2.010e-02 -4.213 -3.518 -2.609 -2.566 -4.461
0.02 0.14251 7.85000 5.9132680893 2.6179604530    5.914  3.636  3.5939  0.901    3  0.000  0.395     0.00     0.00     0.00     0.00     0.00 -1    -1e-30      0.00 6.796e-01 3.004e-01 2.395e-03 2.890e-03 8.089e-03 -1.000 2.007e-02 -4.320 -3.595 -2.661 -2.619 -4.552
0.02 0.14251 7.85000 5.9137887955 2.6179623604    5.914  3.676  3.5904  0.848    3  0.000  0.394     0.00     0.00     0.00     0.00     0.00 -1    -1e-30      0.00 6.737e-01 3.062e-01 2.349e-03 3.076e-03 7.941e-03 -1.000 2.007e-02 -4.419 -3.667 -2.710 -2.668 -4.636
0.02 0.14251 7.85000 5.9144725800 2.6179647446    5.915  3.706  3.5878  0.807    3  0.000  0.394     0.00     0.00     0.00     0.00     0.00 -1    -1e-30      0.00 6.698e-01 3.101e-01 2.322e-03 3.188e-03 7.853e-03 -1.000 2.009e-02 -4.494 -3.718 -2.740 -2.699 -4.698
0.02 0.14251 7.85000 5.9161620140 2.6179707050    5.917  3.739  3.5848  0.762    3  0.000  0.394     0.00     0.00     0.00     0.00     0.00 -1    -1e-30      0.00 6.665e-01 3.134e-01 2.301e-03 3.276e-03 7.782e-03 -1.000 2.010e-02 -4.579 -3.774 -2.772 -2.731 -4.767
0.02 0.14251 7.85000 5.9202995300 2.6179850101    5.921  3.725  3.5864  0.783    4  0.000  0.394     0.00     0.00     0.00     0.00     0.00 -1    -1e-30      0.00 6.665e-01 3.134e-01 2.301e-03 3.276e-03 7.782e-03 -1.000 2.010e-02 -4.543 -3.753 -2.764 -2.723 -4.739
0.02 0.14251 7.85000 5.9265809059 2.6180071831    5.927  3.694  3.5896  0.827    4  0.000  0.394     0.00     0.00     0.00     0.00     0.00 -1    -1e-30      0.00 6.665e-01 3.134e-01 2.301e-03 3.276e-03 7.781e-03 -1.000 2.010e-02 -4.465 -3.706 -2.743 -2.701 -4.678
0.02 0.14251 7.85000 5.9307308197 2.6180214882    5.931  3.668  3.5923  0.864    4  0.000  0.394     0.00     0.00     0.00     0.00     0.00 -1    -1e-30      0.00 6.665e-01 3.134e-01 2.302e-03 3.276e-03 7.781e-03 -1.000 2.010e-02 -4.400 -3.662 -2.717 -2.675 -4.625
0.02 0.14251 7.85000 5.9340953827 2.6180334091    5.935  3.642  3.5949  0.901    4  0.000  0.394     0.00     0.00     0.00     0.00     0.00 -1    -1e-30      0.00 6.665e-01 3.134e-01 2.302e-03 3.276e-03 7.781e-03 -1.000 2.010e-02 -4.335 -3.618 -2.690 -2.647 -4.571
0.02 0.14251 7.85000 5.9374961853 2.6180450916    5.938  3.611  3.5979  0.944    4  0.000  0.394     0.00     0.00     0.00     0.00     0.00 -1    -1e-30      0.00 6.665e-01 3.134e-01 2.302e-03 3.275e-03 7.781e-03 -1.000 2.010e-02 -4.257 -3.564 -2.656 -2.613 -4.507
0.02 0.14251 7.85000 5.9408645630 2.6180567741    5.941  3.578  3.6010  0.990    4  0.000  0.395     0.00     0.00     0.00     0.00     0.00 -1    -1e-30      0.00 6.665e-01 3.134e-01 2.302e-03 3.275e-03 7.781e-03 -1.000 2.010e-02 -4.176 -3.507 -2.618 -2.575 -4.439
0.02 0.14251 7.85000 5.9448351860 2.6180706024    5.945  3.540  3.6048  1.043    4  0.000  0.395     0.00     0.00     0.00     0.00     0.00 -1    -1e-30      0.00 6.665e-01 3.134e-01 2.302e-03 3.275e-03 7.780e-03 -1.000 2.010e-02 -4.080 -3.437 -2.569 -2.526 -4.357
0.02 0.14251 7.85000 5.9493932724 2.6180863380    5.950  3.499  3.6090  1.102    4  0.000  0.395     0.00     0.00     0.00     0.00     0.00 -1    -1e-30      0.00 6.665e-01 3.134e-01 2.303e-03 3.275e-03 7.780e-03 -1.000 2.010e-02 -3.977 -3.363 -2.516 -2.473 -4.270
0.02 0.14251 7.85000 5.9547252655 2.6181049347    5.955  3.458  3.6133  1.160    4  0.000  0.395     0.00     0.00     0.00     0.00     0.00 -1    -1e-30      0.00 6.666e-01 3.133e-01 2.303e-03 3.275e-03 7.780e-03 -1.000 2.010e-02 -3.875 -3.288 -2.462 -2.419 -4.182
0.02 0.14251 7.85000 5.9620194435 2.6181299686    5.962  3.415  3.6183  1.224    4  0.000  0.395     0.00     0.00     0.00     0.00     0.00 -1    -1e-30      0.00 6.666e-01 3.133e-01 2.304e-03 3.275e-03 7.780e-03 -1.000 2.010e-02 -3.767 -3.211 -2.408 -2.365 -4.091
0.02 0.14251 7.85000 5.9735050201 2.6181695461    5.974  3.379  3.6242  1.284    4  0.000  0.395     0.00     0.00     0.00     0.00     0.00 -1    -1e-30      0.00 6.666e-01 3.133e-01 2.304e-03 3.274e-03 7.779e-03 -1.000 2.010e-02 -3.677 -3.155 -2.378 -2.335 -4.019
0.02 0.14251 7.85000 5.9886627197 2.6182215214    5.989  3.353  3.6311  1.339    4  0.000  0.395     0.00     0.00     0.00     0.00     0.00 -1    -1e-30      0.00 6.666e-01 3.133e-01 2.305e-03 3.273e-03 7.779e-03 -1.000 2.010e-02 -3.612 -3.128 -2.378 -2.334 -3.974
0.02 0.14251 7.85000 5.9978618622 2.6182527542    5.998  3.363  3.6356  1.347    5  0.000  0.395     0.00     0.00     0.00     0.00     0.00 -1    -1e-30      0.00 6.666e-01 3.133e-01 2.306e-03 3.273e-03 7.778e-03 -1.000 2.010e-02 -3.638 -3.177 -2.444 -2.400 -4.012
0.02 0.14251 7.85000 6.0000000000 2.6182601452    6.000  3.379  3.6385  1.344    5  0.000  0.395     0.00     0.00     0.00     0.00     0.00 -1    -1e-30      0.00 6.666e-01 3.133e-01 2.306e-03 3.273e-03 7.778e-03 -1.000 2.010e-02 -3.676 -3.231 -2.507 -2.464 -4.059
0.02 0.14251 7.85000 6.0022797585 2.6182677746    6.003  3.384  3.6400  1.345    5  0.000  0.395     0.00     0.00     0.00     0.00     0.00 -1    -1e-30      0.00 6.666e-01 3.133e-01 2.306e-03 3.273e-03 7.778e-03 -1.000 2.010e-02 -3.689 -3.251 -2.533 -2.490 -4.076
0.02 0.14251 7.85000 6.0067343712 2.6182827950    6.007  3.411  3.6459  1.342    5  0.000  0.395     0.00     0.00     0.00     0.00     0.00 -1    -1e-30      0.00 6.666e-01 3.133e-01 2.306e-03 3.273e-03 7.778e-03 -1.000 2.010e-02 -3.757 -3.347 -2.649 -2.605 -4.159
0.02 0.14251 7.85000 6.0096135139 2.6182925701    6.010  3.444  3.6546  1.343    5  0.000  0.395     0.00     0.00     0.00     0.00     0.00 -1    -1e-30      0.00 6.666e-01 3.133e-01 2.306e-03 3.273e-03 7.778e-03 -1.000 2.010e-02 -3.841 -3.471 -2.800 -2.757 -4.263
0.02 0.14251 7.85000 6.0113372803 2.6182985306    6.012  3.468  3.6630  1.353    5  0.000  0.395     0.00     0.00     0.00     0.00     0.00 -1    -1e-30      0.00 6.666e-01 3.133e-01 2.306e-03 3.273e-03 7.778e-03 -1.000 2.010e-02 -3.901 -3.565 -2.916 -2.873 -4.341
0.02 0.14251 7.85000 6.0123658180 2.6183018684    6.013  3.482  3.6704  1.369    5  0.000  0.395     0.00     0.00     0.00     0.00     0.00 -1    -1e-30      0.00 6.666e-01 3.133e-01 2.306e-03 3.273e-03 7.778e-03 -1.000 2.010e-02 -3.934 -3.625 -2.992 -2.949 -4.389
0.02 0.14251 7.85000 6.0130205154 2.6183042526    6.013  3.490  3.6777  1.390    5  0.000  0.395     0.00     0.00     0.00     0.00     0.00 -1    -1e-30      0.00 6.666e-01 3.133e-01 2.306e-03 3.273e-03 7.778e-03 -1.000 2.010e-02 -3.954 -3.668 -3.050 -3.008 -4.421
0.02 0.14251 7.85000 6.0135884285 2.6183061600    6.014  3.496  3.6861  1.418    5  0.000  0.395     0.00     0.00     0.00     0.00     0.00 -1    -1e-30      0.00 6.666e-01 3.133e-01 2.306e-03 3.273e-03 7.778e-03 -1.000 2.010e-02 -3.970 -3.708 -3.107 -3.066 -4.448
0.02 0.14251 7.85000 6.0141372681 2.6183078289    6.014  3.501  3.6953  1.449    5  0.000  0.395     0.00     0.00     0.00     0.00     0.00 -1    -1e-30      0.00 6.666e-01 3.133e-01 2.306e-03 3.273e-03 7.778e-03 -1.000 2.010e-02 -3.983 -3.749 -3.173 -3.132 -4.470
0.02 0.14251 7.85000 6.0147266388 2.6183099747    6.015  3.506  3.7054  1.485    5  0.000  0.395     0.00     0.00     0.00     0.00     0.00 -1    -1e-30      0.00 6.666e-01 3.133e-01 2.306e-03 3.273e-03 7.778e-03 -1.000 2.010e-02 -3.995 -3.788 -3.238 -3.198 -4.487
0.02 0.14251 7.85000 6.0153985023 2.6183121204    6.016  3.511  3.7164  1.524    5  0.000  0.395     0.00     0.00     0.00     0.00     0.00 -1    -1e-30      0.00 6.666e-01 3.133e-01 2.306e-03 3.273e-03 7.778e-03 -1.000 2.010e-02 -4.007 -3.826 -3.306 -3.267 -4.502
0.02 0.14251 7.85000 6.0161595345 2.6183147430    6.016  3.516  3.7275  1.564    5  0.000  0.395     0.00     0.00     0.00     0.00     0.00 -1    -1e-30      0.00 6.666e-01 3.133e-01 2.306e-03 3.273e-03 7.778e-03 -1.000 2.010e-02 -4.019 -3.860 -3.369 -3.332 -4.511
0.02 0.14251 7.85000 6.0172939301 2.6183185577    6.018  3.521  3.7406  1.611    5  0.000  0.395     0.00     0.00     0.00     0.00     0.00 -1    -1e-30      0.00 6.666e-01 3.133e-01 2.306e-03 3.273e-03 7.778e-03 -1.000 2.010e-02 -4.033 -3.897 -3.442 -3.406 -4.517
0.02 0.14251 7.85000 6.0185880661 2.6183228493    6.019  3.526  3.7514  1.649    5  0.000  0.395     0.00     0.00     0.00     0.00     0.00 -1    -1e-30      0.00 6.666e-01 3.133e-01 2.306e-03 3.273e-03 7.778e-03 -1.000 2.010e-02 -4.045 -3.924 -3.499 -3.464 -4.516
0.02 0.14251 7.85000 6.0204510689 2.6183292866    6.021  3.531  3.7614  1.684    5  0.000  0.395     0.00     0.00     0.00     0.00     0.00 -1    -1e-30      0.00 6.666e-01 3.133e-01 2.306e-03 3.273e-03 7.778e-03 -1.000 2.010e-02 -4.057 -3.948 -3.550 -3.517 -4.513
0.02 0.14251 7.85000 6.0244650841 2.6183428764    6.025  3.537  3.7716  1.720    5  0.000  0.395     0.00     0.00     0.00     0.00     0.00 -1    -1e-30      0.00 6.666e-01 3.133e-01 2.306e-03 3.273e-03 7.778e-03 -1.000 2.010e-02 -4.072 -3.972 -3.603 -3.572 -4.509
0.02 0.14251 7.85000 6.0295124054 2.6183598042    6.030  3.538  3.7657  1.695    6  0.000  0.395     0.00     0.00     0.00     0.00     0.00 -1    -1e-30      0.00 6.666e-01 3.133e-01 2.305e-03 3.273e-03 7.778e-03 -1.000 2.010e-02 -4.074 -3.969 -3.583 -3.551 -4.523
0.02 0.14251 7.85000 6.0363917351 2.6183826923    6.037  3.539  3.7560  1.656    6  0.000  0.395     0.00     0.00     0.00     0.00     0.00 -1    -1e-30      0.00 6.667e-01 3.132e-01 2.305e-03 3.273e-03 7.779e-03 -1.000 2.010e-02 -4.077 -3.962 -3.549 -3.516 -4.542
0.02 0.14251 7.85000 6.0621390343 2.6184685230    6.062  3.557  3.7482  1.608    6  0.000  0.395     0.00     0.00     0.00     0.00     0.00 -1    -1e-30      0.00 6.667e-01 3.132e-01 2.305e-03 3.274e-03 7.779e-03 -1.000 2.010e-02 -4.124 -3.999 -3.564 -3.530 -4.600
0.02 0.14251 7.85000 6.0801215172 2.6185281277    6.080  3.568  3.7376  1.556    6  0.000  0.395     0.00     0.00     0.00     0.00     0.00 -1    -1e-30      0.00 6.667e-01 3.132e-01 2.304e-03 3.274e-03 7.779e-03 -1.000 2.010e-02 -4.150 -4.010 -3.545 -3.509 -4.637
0.02 0.14251 7.85000 6.0883183479 2.6185550690    6.088  3.569  3.7257  1.508    6  0.000  0.395     0.00     0.00     0.00     0.00     0.00 -1    -1e-30      0.00 6.667e-01 3.132e-01 2.304e-03 3.274e-03 7.779e-03 -1.000 2.010e-02 -4.154 -3.992 -3.495 -3.458 -4.648
0.02 0.14251 7.85000 6.0934596062 2.6185719967    6.093  3.570  3.7162  1.470    6  0.000  0.395     0.00     0.00     0.00     0.00     0.00 -1    -1e-30      0.00 6.667e-01 3.132e-01 2.304e-03 3.274e-03 7.779e-03 -1.000 2.010e-02 -4.154 -3.973 -3.451 -3.412 -4.650
0.02 0.14251 7.85000 6.0968084335 2.6185829639    6.097  3.571  3.7099  1.444    6  0.000  0.395     0.00     0.00     0.00     0.00     0.00 -1    -1e-30      0.00 6.667e-01 3.132e-01 2.304e-03 3.274e-03 7.779e-03 -1.000 2.010e-02 -4.157 -3.961 -3.422 -3.383 -4.653
0.02 0.14251 7.85000 6.1004581451 2.6185948849    6.100  3.573  3.7052  1.423    6  0.000  0.395     0.00     0.00     0.00     0.00     0.00 -1    -1e-30      0.00 6.668e-01 3.131e-01 2.304e-03 3.274e-03 7.780e-03 -1.000 2.010e-02 -4.162 -3.955 -3.403 -3.363 -4.656
0.02 0.14251 7.85000 6.1009488106 2.6185965538    6.101  3.573  3.7054  1.424    6  0.000  0.395     0.00     0.00     0.00     0.00     0.00 -1    -1e-30      0.00 6.668e-01 3.131e-01 2.304e-03 3.274e-03 7.780e-03 -1.000 2.010e-02 -4.163 -3.956 -3.405 -3.365 -4.657
0.02 0.14251 7.85000 6.1029238701 2.6186029911    6.103  3.571  3.7031  1.417    6  0.000  0.395     0.00     0.00     0.00     0.00     0.00 -1    -1e-30      0.00 6.668e-01 3.131e-01 2.304e-03 3.274e-03 7.780e-03 -1.000 2.010e-02 -4.157 -3.945 -3.388 -3.347 -4.650
0.02 0.14251 7.85000 6.1055326462 2.6186113358    6.105  3.568  3.6948  1.386    6  0.000  0.395     0.00     0.00     0.00     0.00     0.00 -1    -1e-30      0.00 6.668e-01 3.131e-01 2.304e-03 3.274e-03 7.780e-03 -1.000 2.010e-02 -4.151 -3.915 -3.336 -3.295 -4.638
0.02 0.14251 7.85000 6.1084456444 2.6186208725    6.108  3.564  3.6842  1.349    6  0.000  0.395     0.00     0.00     0.00     0.00     0.00 -1    -1e-30      0.00 6.668e-01 3.131e-01 2.304e-03 3.274e-03 7.780e-03 -1.000 2.010e-02 -4.140 -3.873 -3.267 -3.225 -4.617
0.02 0.14251 7.85000 6.1112442017 2.6186299324    6.111  3.559  3.6750  1.317    6  0.000  0.395     0.00     0.00     0.00     0.00     0.00 -1    -1e-30      0.00 6.668e-01 3.131e-01 2.304e-03 3.274e-03 7.780e-03 -1.000 2.010e-02 -4.129 -3.835 -3.210 -3.167 -4.593
0.02 0.14251 7.85000 6.1136159897 2.6186378002    6.114  3.555  3.6677  1.293    6  0.000  0.395     0.00     0.00     0.00     0.00     0.00 -1    -1e-30      0.00 6.668e-01 3.131e-01 2.304e-03 3.274e-03 7.780e-03 -1.000 2.010e-02 -4.117 -3.799 -3.158 -3.115 -4.568
0.02 0.14251 7.85000 6.1163344383 2.6186466217    6.116  3.548  3.6598  1.268    6  0.000  0.395     0.00     0.00     0.00     0.00     0.00 -1    -1e-30      0.00 6.668e-01 3.131e-01 2.304e-03 3.274e-03 7.780e-03 -1.000 2.010e-02 -4.099 -3.753 -3.095 -3.051 -4.536
0.02 0.14251 7.85000 6.1209058762 2.6186614037    6.121  3.531  3.6498  1.246    6  0.000  0.395     0.00     0.00     0.00     0.00     0.00 -1    -1e-30      0.00 6.668e-01 3.131e-01 2.304e-03 3.274e-03 7.780e-03 -1.000 2.010e-02 -4.056 -3.666 -2.978 -2.934 -4.470
0.02 0.14251 7.85000 6.1246147156 2.6186735630    6.124  3.513  3.6425  1.234    6  0.000  0.395     0.00     0.00     0.00     0.00     0.00 -1    -1e-30      0.00 6.668e-01 3.131e-01 2.303e-03 3.274e-03 7.780e-03 -1.000 2.010e-02 -4.012 -3.587 -2.874 -2.830 -4.408
0.02 0.14251 7.85000 6.1285667419 2.6186861992    6.128  3.493  3.6351  1.225    6  0.000  0.395     0.00     0.00     0.00     0.00     0.00 -1    -1e-30      0.00 6.668e-01 3.131e-01 2.303e-03 3.274e-03 7.780e-03 -1.000 2.010e-02 -3.962 -3.499 -2.761 -2.717 -4.338
0.02 0.14251 7.85000 6.1448550224 2.6187388897    6.145  3.495  3.6229  1.175    6  0.000  0.395     0.00     0.00     0.00     0.00     0.00 -1    -1e-30      0.00 6.668e-01 3.131e-01 2.303e-03 3.274e-03 7.780e-03 -1.000 2.010e-02 -3.968 -3.439 -2.654 -2.611 -4.308
0.02 0.14251 7.85000 6.1545147896 2.6187698841    6.154  3.532  3.6131  1.100    6  0.000  0.395     0.00     0.00     0.00     0.00     0.00 -1    -1e-30      0.00 6.668e-01 3.131e-01 2.303e-03 3.275e-03 7.780e-03 -1.000 2.010e-02 -4.059 -3.471 -2.643 -2.600 -4.367
0.02 0.14251 7.85000 6.1560850143 2.6187748909    6.156  3.567  3.6082  1.045    6  0.000  0.395     0.00     0.00     0.00     0.00     0.00 -1    -1e-30      0.00 6.668e-01 3.131e-01 2.303e-03 3.275e-03 7.780e-03 -1.000 2.010e-02 -4.148 -3.528 -2.676 -2.633 -4.438
0.02 0.14251 7.85000 6.1563587189 2.6187756062    6.156  3.582  3.6063  1.022    6  0.000  0.395     0.00     0.00     0.00     0.00     0.00 -1    -1e-30      0.00 6.668e-01 3.131e-01 2.303e-03 3.275e-03 7.780e-03 -1.000 2.010e-02 -4.186 -3.553 -2.691 -2.648 -4.469
0.02 0.14251 7.85000 6.1564025879 2.6187758446    6.156  3.585  3.6060  1.018    6  0.000  0.395     0.00     0.00     0.00     0.00     0.00 -1    -1e-30      0.00 6.668e-01 3.131e-01 2.303e-03 3.275e-03 7.780e-03 -1.000 2.010e-02 -4.193 -3.558 -2.695 -2.652 -4.475
0.02 0.14251 7.85000 6.1569113731 2.6187775135    6.157  3.606  3.6038  0.988    7  0.000  0.395     0.00     0.00     0.00     0.00     0.00 -1    -1e-30      0.00 6.668e-01 3.131e-01 2.303e-03 3.275e-03 7.780e-03 -1.000 2.010e-02 -4.246 -3.596 -2.721 -2.678 -4.520
0.02 0.14251 7.85000 6.1578626633 2.6187806129    6.158  3.610  3.6031  0.981    7  0.000  0.395     0.00     0.00     0.00     0.00     0.00 -1    -1e-30      0.00 6.668e-01 3.131e-01 2.303e-03 3.275e-03 7.780e-03 -1.000 2.010e-02 -4.256 -3.602 -2.723 -2.680 -4.527
0.02 0.14251 7.85000 6.1583523750 2.6187820435    6.158  3.639  3.6000  0.940    7  0.000  0.395     0.00     0.00     0.00     0.00     0.00 -1    -1e-30      0.00 6.668e-01 3.131e-01 2.303e-03 3.275e-03 7.780e-03 -1.000 2.010e-02 -4.329 -3.652 -2.756 -2.713 -4.588
0.02 0.14251 7.85000 6.1587615013 2.6187834740    6.159  3.675  3.5963  0.890    7  0.000  0.395     0.00     0.00     0.00     0.00     0.00 -1    -1e-30      0.00 6.668e-01 3.131e-01 2.303e-03 3.275e-03 7.780e-03 -1.000 2.010e-02 -4.417 -3.711 -2.791 -2.749 -4.660
0.02 0.14251 7.85000 6.1592574120 2.6187849045    6.159  3.713  3.5924  0.836    7  0.000  0.395     0.00     0.00     0.00     0.00     0.00 -1    -1e-30      0.00 6.668e-01 3.131e-01 2.303e-03 3.275e-03 7.780e-03 -1.000 2.010e-02 -4.512 -3.776 -2.831 -2.788 -4.738
0.02 0.14251 7.85000 6.1598629951 2.6187868118    6.160  3.751  3.5886  0.782    7  0.000  0.395     0.00     0.00     0.00     0.00     0.00 -1    -1e-30      0.00 6.668e-01 3.131e-01 2.303e-03 3.275e-03 7.780e-03 -1.000 2.010e-02 -4.608 -3.839 -2.867 -2.825 -4.816
0.02 0.14251 7.85000 6.1605787277 2.6187891960    6.160  3.790  3.5848  0.729    7  0.000  0.394     0.00     0.00     0.00     0.00     0.00 -1    -1e-30      0.00 6.668e-01 3.131e-01 2.302e-03 3.275e-03 7.780e-03 -1.000 2.010e-02 -4.705 -3.901 -2.897 -2.856 -4.893
0.02 0.14251 7.85000 6.1613979340 2.6187918186    6.161  3.829  3.5809  0.675    7  0.000  0.394     0.00     0.00     0.00     0.00     0.00 -1    -1e-30      0.00 6.668e-01 3.131e-01 2.298e-03 3.278e-03 7.780e-03 -1.000 2.010e-02 -4.802 -3.962 -2.928 -2.887 -4.970
0.02 0.14251 7.85000 6.1623115540 2.6187946796    6.162  3.867  3.5769  0.620    7  0.000  0.392     0.00     0.00     0.00     0.00     0.00 -1    -1e-30      0.00 6.668e-01 3.131e-01 2.288e-03 3.288e-03 7.780e-03 -1.000 2.010e-02 -4.899 -4.016 -2.941 -2.901 -5.043
0.02 0.14251 7.85000 6.1633095741 2.6187980175    6.163  3.906  3.5729  0.565    7  0.000  0.390     0.00     0.00     0.00     0.00     0.00 -1    -1e-30      0.00 6.668e-01 3.131e-01 2.277e-03 3.303e-03 7.780e-03 -1.000 2.010e-02 -4.996 -4.068 -2.950 -2.910 -5.115
0.02 0.14251 7.85000 6.1643257141 2.6188011169    6.164  3.945  3.5688  0.510    7  0.000  0.388     0.00     0.00     0.00     0.00     0.00 -1    -1e-30      0.00 6.668e-01 3.131e-01 2.267e-03 3.315e-03 7.780e-03 -1.000 2.010e-02 -5.094 -4.118 -2.951 -2.911 -5.185
0.02 0.14251 7.85000 6.1652417183 2.6188042164    6.165  3.984  3.5648  0.456    7  0.000  0.387     0.00     0.00     0.00     0.00     0.00 -1    -1e-30      0.00 6.668e-01 3.131e-01 2.259e-03 3.325e-03 7.780e-03 -1.000 2.010e-02 -5.189 -4.159 -2.932 -2.893 -5.249
0.02 0.14251 7.85000 6.1660275459 2.6188066006    6.166  4.020  3.5609  0.403    7  0.000  0.386     0.00     0.00     0.00     0.00     0.00 -1    -1e-30      0.00 6.668e-01 3.131e-01 2.252e-03 3.334e-03 7.779e-03 -1.000 2.010e-02 -5.281 -4.198 -2.913 -2.875 -5.311
0.02 0.14251 7.85000 6.1667022705 2.6188087463    6.166  4.055  3.5572  0.353    7  0.000  0.385     0.00     0.00     0.00     0.00     0.00 -1    -1e-30      0.00 6.668e-01 3.131e-01 2.246e-03 3.344e-03 7.775e-03 -1.000 2.010e-02 -5.368 -4.228 -2.874 -2.836 -5.364
0.02 0.14251 7.85000 6.1673974991 2.6188108921    6.167  4.094  3.5530  0.298    7  0.000  0.385     0.00     0.00     0.00     0.00     0.00 -1    -1e-30      0.00 6.667e-01 3.132e-01 2.240e-03 3.361e-03 7.765e-03 -1.000 2.010e-02 -5.464 -4.255 -2.819 -2.782 -5.418
0.02 0.14251 7.85000 6.1681504250 2.6188132763    6.168  4.136  3.5484  0.238    7  0.000  0.385     0.00     0.00     0.00     0.00     0.00 -1    -1e-30      0.00 6.617e-01 3.183e-01 2.219e-03 3.448e-03 7.695e-03 -1.000 2.009e-02 -5.570 -4.284 -2.752 -2.717 -5.476
0.02 0.14251 7.85000 6.1687817574 2.6188154221    6.168  4.170  3.5459  0.194    7  0.000  0.385     0.00     0.00     0.00     0.00     0.00 -1    -1e-30      0.00 6.371e-01 3.428e-01 2.139e-03 3.796e-03 7.413e-03 -1.000 2.003e-02 -5.655 -4.321 -2.727 -2.692 -5.530
0.02 0.14251 7.85000 6.1690254211 2.6188161373    6.169  4.188  3.5444  0.170    7  0.000  0.385     0.00     0.00     0.00     0.00     0.00 -1    -1e-30      0.00 6.265e-01 3.534e-01 2.105e-03 3.944e-03 7.292e-03 -1.000 2.002e-02 -5.700 -4.338 -2.707 -2.673 -5.556
0.02 0.14251 7.85000 6.1692280769 2.6188168526    6.169  4.209  3.5425  0.141    7  0.000  0.385     0.00     0.00     0.00     0.00     0.00 -1    -1e-30      0.00 6.162e-01 3.637e-01 2.073e-03 4.088e-03 7.175e-03 -1.000 2.004e-02 -5.753 -4.355 -2.677 -2.642 -5.586
0.02 0.14251 7.85000 6.1694040298 2.6188173294    6.169  4.242  3.5391  0.094    7  0.000  0.385     0.00     0.00     0.00     0.00     0.00 -1    -1e-30      0.00 6.056e-01 3.743e-01 2.039e-03 4.235e-03 7.055e-03 -1.000 2.010e-02 -5.836 -4.372 -2.610 -2.576 -5.625
0.02 0.14251 7.85000 6.1695642471 2.6188178062    6.169  4.277  3.5354  0.045    7  0.000  0.385     0.00     0.00     0.00     0.00     0.00 -1    -1e-30      0.00 6.005e-01 3.794e-01 2.023e-03 4.305e-03 6.999e-03 -1.000 2.008e-02 -5.922 -4.376 -2.510 -2.478 -5.652
0.02 0.14251 7.85000 6.1697154045 2.6188182831    6.169  4.313  3.5313 -0.008    7  0.000  0.385     0.00     0.00     0.00     0.00     0.00 -1    -1e-30      0.00 5.972e-01 3.828e-01 2.012e-03 4.352e-03 6.961e-03 -1.000 2.004e-02 -6.012 -4.373 -2.389 -2.358 -5.676
0.02 0.14251 7.85000 6.1698770523 2.6188187599    6.170  4.355  3.5263 -0.069    7  0.000  0.386     0.00     0.00     0.00     0.00     0.00 -1    -1e-30      0.00 5.945e-01 3.855e-01 2.004e-03 4.388e-03 6.931e-03 -1.000 2.001e-02 -6.117 -4.347 -2.211 -2.183 -5.680
0.02 0.14251 7.85000 6.1700429916 2.6188194752    6.170  4.399  3.5207 -0.136    7  0.000  0.386     0.00     0.00     0.00     0.00     0.00 -1    -1e-30      0.00 5.926e-01 3.873e-01 1.998e-03 4.414e-03 6.910e-03 -1.000 2.005e-02 -6.228 -4.306 -1.997 -1.971 -5.672
0.02 0.14251 7.85000 6.1702604294 2.6188201904    6.170  4.456  3.5134 -0.222    7  0.000  0.386     0.00     0.00     0.00     0.00     0.00 -1    -1e-30      0.00 5.910e-01 3.890e-01 1.993e-03 4.436e-03 6.892e-03 -1.000 2.004e-02 -6.370 -4.194 -1.628 -1.608 -5.602
0.02 0.14251 7.85000 6.1704092026 2.6188206673    6.170  4.480  3.5102 -0.259    7  0.000  0.386     0.00     0.00     0.00     0.00     0.00 -1    -1e-30      0.00 5.905e-01 3.894e-01 1.992e-03 4.443e-03 6.887e-03 -1.000 2.007e-02 -6.429 -4.136 -1.448 -1.431 -5.562
0.02 0.14251 7.85000 6.1704277992 2.6188206673    6.170  4.477  3.5105 -0.255    7  0.000  0.386     0.00     0.00     0.00     0.00     0.00 -1    -1e-30      0.00 5.904e-01 3.895e-01 1.992e-03 4.444e-03 6.886e-03 -1.000 2.009e-02 -6.423 -4.141 -1.466 -1.449 -5.566
0.02 0.14251 7.85000 6.1704382896 2.6188206673    6.170  4.473  3.5110 -0.248    7  0.000  0.386     0.00     0.00     0.00     0.00     0.00 -1    -1e-30      0.00 5.904e-01 3.895e-01 1.992e-03 4.444e-03 6.886e-03 -1.000 2.009e-02 -6.412 -4.150 -1.495 -1.477 -5.572
0.02 0.14251 7.85000 6.1704545021 2.6188206673    6.170  4.474  3.5109 -0.250    7  0.000  0.386     0.00     0.00     0.00     0.00     0.00 -1    -1e-30      0.00 5.904e-01 3.895e-01 1.992e-03 4.445e-03 6.885e-03 -1.000 2.010e-02 -6.414 -4.147 -1.487 -1.470 -5.569
0.02 0.14251 7.85000 6.1704730988 2.6188206673    6.170  4.483  3.5097 -0.264    7  0.000  0.386     0.00     0.00     0.00     0.00     0.00 -1    -1e-30      0.00 5.903e-01 3.896e-01 1.992e-03 4.446e-03 6.884e-03 -1.000 2.010e-02 -6.438 -4.126 -1.421 -1.405 -5.555
0.02 0.14251 7.85000 6.1705446243 2.6188209057    6.170  4.502  3.5072 -0.293    7  0.000  0.386     0.00     0.00     0.00     0.00     0.00 -1    -1e-30      0.00 5.902e-01 3.897e-01 1.991e-03 4.447e-03 6.883e-03 -1.000 2.010e-02 -6.485 -4.084 -1.307 -1.293 -5.526
0.02 0.14251 7.85000 6.1706399918 2.6188213825    6.170  4.477  3.5106 -0.254    7  0.000  0.385     0.00     0.00     0.00     0.00     0.00 -1    -1e-30      0.00 5.901e-01 3.899e-01 1.989e-03 4.450e-03 6.881e-03 -1.000 2.005e-02 -6.422 -4.143 -1.471 -1.454 -5.567
0.02 0.14251 7.85000 6.1706428528 2.6188213825    6.170  4.475  3.5109 -0.251    7  0.000  0.385     0.00     0.00     0.00     0.00     0.00 -1    -1e-30      0.00 5.901e-01 3.899e-01 1.988e-03 4.450e-03 6.881e-03 -1.000 2.005e-02 -6.416 -4.149 -1.487 -1.470 -5.571
0.02 0.14251 7.85000 6.1706480980 2.6188213825    6.170  4.473  3.5111 -0.248    7  0.000  0.384     0.00     0.00     0.00     0.00     0.00 -1    -1e-30      0.00 5.901e-01 3.899e-01 1.984e-03 4.452e-03 6.881e-03 -1.000 2.004e-02 -6.413 -4.152 -1.498 -1.481 -5.573
0.02 0.14251 7.85000 6.1706600189 2.6188213825    6.170  4.467  3.5119 -0.239    7  0.000  0.380     0.00     0.00     0.00     0.00     0.00 -1    -1e-30      0.00 5.901e-01 3.899e-01 1.960e-03 4.464e-03 6.881e-03 -1.000 2.004e-02 -6.398 -4.167 -1.544 -1.526 -5.583
0.02 0.14251 7.85000 6.1706829071 2.6188213825    6.170  4.448  3.5145 -0.210    7  0.000  0.368     0.00     0.00     0.00     0.00     0.00 -1    -1e-30      0.00 5.900e-01 3.899e-01 1.900e-03 4.518e-03 6.880e-03 -1.000 2.003e-02 -6.351 -4.212 -1.684 -1.663 -5.614
0.02 0.14251 7.85000 6.1707015038 2.6188216209    6.170  4.417  3.5185 -0.163    7  0.000  0.350     0.00     0.00     0.00     0.00     0.00 -1    -1e-30      0.00 5.900e-01 3.900e-01 1.807e-03 4.647e-03 6.877e-03 -1.000 2.003e-02 -6.273 -4.277 -1.891 -1.868 -5.656
#isochrone terminated
