# File generated by CMD 3.5 (http://stev.oapd.inaf.it/cmd) on Sun Oct  3 12:22:12 CEST 2021
# isochrones based on PARSEC release v1.2S +  COLIBRI S_37 + S_35 + PR16
# Basic references: Bressan et al. (2012), MNRAS, 427, 127 + Chen et al. (2014, 2015), MNRAS, 444, 2525 + MNRAS, 452, 1068 + Tang et al. (2014), MNRAS, 445, 4287 + Marigo et al. (2017), ApJ, 835, 77 + Pastorelli al. (2019), MNRAS, 485, 5666 + Pastorelli al. (2020), MNRAS, in press
# Thermal pulse cycles included 
# On RGB, assumed Reimers mass loss with efficiency eta=0.2
# LPV periods and growth rates added cf. Trabucchi et al. (2019)
# Photometric system: Gaia's DR2 G, G_BP and G_RP (Vegamags, Gaia passbands from Weiler 2018)
# Attention: photometry includes extinction of Av=0.132, with coefficients derived star-by-star, for Cardelli et al 89 + O'Donnell 94 Rv=3.1 extinction curve.
# Using YBC version of bolometric corrections as in Chen et al. (2019)
# O-rich circumstellar dpmod60alox40 dust from Groenewegen (2006)
# C-rich circumstellar AMCSIC15 dust from Groenewegen (2006)
# IMF: Kroupa (2001, 2002) + Kroupa et al. (2013) canonical two-part-power law IMF corrected for unresolved binaries 
# Kind of output: isochrone tables
# Zini     MH   logAge Mini        int_IMF         Mass   logL    logTe  logg  label   McoreTP C_O  period0  period1  period2  period3  period4  pmode  Mloss  tau1m   X   Y   Xc  Xn  Xo  Cexcess  Z 	 mbolmag  Gmag    G_BPbrmag  G_BPftmag  G_RPmag
0.0152 0.01508 9.53908 0.0900000036 1.0816895962    0.090 -3.424  3.3622  5.217    1  0.000  0.545     0.00     0.00     0.00     0.00     0.00 -1 -3.89e-17      0.00 7.088e-01 2.759e-01 2.746e-03 7.408e-04 6.719e-03 -1.000 1.527e-02 13.330 15.455 18.441 18.461 13.960
0.0152 0.01508 9.53908 0.0955673829 1.1329748631    0.096 -3.320  3.3770  5.198    1  0.000  0.545     0.00     0.00     0.00     0.00     0.00 -1  -4.9e-17      0.00 7.087e-01 2.760e-01 2.746e-03 7.408e-04 6.719e-03 -1.000 1.527e-02 13.071 15.194 18.173 18.193 13.700
0.0152 0.01508 9.53908 0.1000000015 1.1711064577    0.100 -3.242  3.3881  5.184    1  0.000  0.545     0.00     0.00     0.00     0.00     0.00 -1 -5.84e-17      0.00 7.087e-01 2.760e-01 2.746e-03 7.408e-04 6.719e-03 -1.000 1.527e-02 12.874 14.997 17.970 17.991 13.504
0.0152 0.01508 9.53908 0.1200000122 1.3193155527    0.120 -2.977  3.4228  5.138    1  0.000  0.545     0.00     0.00     0.00     0.00     0.00 -1 -1.03e-16      0.00 7.084e-01 2.764e-01 2.746e-03 7.408e-04 6.719e-03 -1.000 1.527e-02 12.213 14.258 17.105 17.127 12.783
0.0152 0.01508 9.53908 0.1400000006 1.4384527206    0.140 -2.794  3.4431  5.102    1  0.000  0.545     0.00     0.00     0.00     0.00     0.00 -1 -1.52e-16      0.00 7.081e-01 2.766e-01 2.746e-03 7.408e-04 6.719e-03 -1.000 1.527e-02 11.754 13.527 15.996 16.022 12.113
0.0152 0.01508 9.53908 0.1599999964 1.5372931957    0.160 -2.653  3.4566  5.073    1  0.000  0.545     0.00     0.00     0.00     0.00     0.00 -1 -2.03e-16      0.00 7.079e-01 2.769e-01 2.746e-03 7.408e-04 6.719e-03 -1.000 1.527e-02 11.402 13.005 15.236 15.264 11.633
0.0152 0.01508 9.53908 0.2000000030 1.6938791275    0.200 -2.437  3.4754  5.029    1  0.000  0.545     0.00     0.00     0.00     0.00     0.00 -1 -3.15e-16      0.00 7.074e-01 2.773e-01 2.746e-03 7.408e-04 6.719e-03 -1.000 1.527e-02 10.862 12.251 14.187 14.217 10.940
0.0152 0.01508 9.53908 0.2500000000 1.8403258324    0.250 -2.232  3.4918  4.987    1  0.000  0.545     0.00     0.00     0.00     0.00     0.00 -1 -4.73e-16      0.00 7.070e-01 2.777e-01 2.746e-03 7.408e-04 6.719e-03 -1.000 1.527e-02 10.350 11.565 13.269 13.301 10.311
0.0152 0.01508 9.53908 0.3000000119 1.9529139996    0.300 -2.073  3.5026  4.951    1  0.000  0.545     0.00     0.00     0.00     0.00     0.00 -1  -5.7e-16      0.00 7.068e-01 2.779e-01 2.746e-03 7.408e-04 6.719e-03 -1.000 1.527e-02 9.952 11.073 12.655 12.688 9.852
0.0152 0.01508 9.53908 0.3340678513 2.0165045261    0.334 -1.963  3.5086  4.912    1  0.000  0.545     0.00     0.00     0.00     0.00     0.00 -1 -8.29e-16      0.00 7.086e-01 2.761e-01 2.746e-03 7.408e-04 6.719e-03 -1.000 1.527e-02 9.678 10.749 12.271 12.304 9.547
0.0152 0.01508 9.53908 0.3500000238 2.0434176922    0.350 -1.915  3.5112  4.894    0  0.000  0.545     0.00     0.00     0.00     0.00     0.00 -1 -9.24e-16      0.00 7.091e-01 2.757e-01 2.746e-03 7.408e-04 6.719e-03 -1.000 1.527e-02 9.557 10.608 12.105 12.138 9.414
0.0152 0.01508 9.53908 0.4000000358 2.1185026169    0.400 -1.773  3.5225  4.854    0  0.000  0.545     0.00     0.00     0.00     0.00     0.00 -1 -1.25e-15      0.00 7.091e-01 2.756e-01 2.746e-03 7.408e-04 6.719e-03 -1.000 1.527e-02 9.202 10.169 11.565 11.600 9.008
0.0152 0.01508 9.53908 0.4500000477 2.1822810173    0.450 -1.623  3.5345  4.804    1  0.000  0.545     0.00     0.00     0.00     0.00     0.00 -1 -1.77e-15      0.00 7.092e-01 2.755e-01 2.746e-03 7.408e-04 6.719e-03 -1.000 1.527e-02 8.828 9.716 11.019 11.055 8.588
0.0152 0.01508 9.53908 0.5000000000 2.2374541759    0.500 -1.468  3.5492  4.754    1  0.000  0.545     0.00     0.00     0.00     0.00     0.00 -1 -2.54e-15      0.00 7.092e-01 2.755e-01 2.746e-03 7.408e-04 6.719e-03 -1.000 1.527e-02 8.441 9.238 10.441 10.477 8.150
0.0152 0.01508 9.53908 0.5500000119 2.2836582661    0.550 -1.304  3.5681  4.706    1  0.000  0.545     0.00     0.00     0.00     0.00     0.00 -1 -3.73e-15      0.00 7.174e-01 2.678e-01 2.673e-03 7.213e-04 6.542e-03 -1.000 1.485e-02 8.029 8.712 9.795 9.833 7.678
0.0152 0.01508 9.53908 0.5697191954 2.2993369102    0.569 -1.237  3.5776  4.692    1  0.000  0.545     0.00     0.00     0.00     0.00     0.00 -1 -4.35e-15      0.00 7.179e-01 2.673e-01 2.669e-03 7.201e-04 6.532e-03 -1.000 1.484e-02 7.862 8.490 9.518 9.557 7.483
0.0152 0.01508 9.53908 0.6000000238 2.3211214542    0.600 -1.139  3.5915  4.673    1  0.000  0.545     0.00     0.00     0.00     0.00     0.00 -1 -5.43e-15      0.00 7.186e-01 2.666e-01 2.663e-03 7.185e-04 6.518e-03 -1.000 1.481e-02 7.617 8.170 9.125 9.165 7.202
0.0152 0.01508 9.53908 0.6499999762 2.3520355225    0.650 -0.973  3.6194  4.653    1  0.000  0.545     0.00     0.00     0.00     0.00     0.00 -1 -7.82e-15      0.00 7.197e-01 2.655e-01 2.653e-03 7.159e-04 6.494e-03 -1.000 1.478e-02 7.202 7.623 8.451 8.492 6.728
0.0152 0.01508 9.53908 0.7000000477 2.3779268265    0.700 -0.814  3.6483  4.642    1  0.000  0.545     0.00     0.00     0.00     0.00     0.00 -1  -1.1e-14      0.00 7.208e-01 2.645e-01 2.644e-03 7.136e-04 6.473e-03 -1.000 1.467e-02 6.804 7.086 7.785 7.826 6.275
0.0152 0.01508 9.53908 0.7031553388 2.3794193268    0.703 -0.804  3.6502  4.641    1  0.000  0.544     0.00     0.00     0.00     0.00     0.00 -1 -1.13e-14      0.00 7.209e-01 2.644e-01 2.641e-03 7.133e-04 6.471e-03 -1.000 1.467e-02 6.779 7.052 7.743 7.784 6.247
0.0152 0.01508 9.53908 0.7500000000 2.3998889923    0.750 -0.661  3.6771  4.634    1  0.000  0.537     0.00     0.00     0.00     0.00     0.00 -1 -1.52e-14      0.00 7.220e-01 2.633e-01 2.600e-03 7.102e-04 6.452e-03 -1.000 1.468e-02 6.422 6.583 7.170 7.210 5.852
0.0152 0.01508 9.53908 0.7612121105 2.4043607712    0.761 -0.629  3.6819  4.628    1  0.000  0.537     0.00     0.00     0.00     0.00     0.00 -1 -1.64e-14      0.00 7.224e-01 2.630e-01 2.597e-03 7.093e-04 6.445e-03 -1.000 1.466e-02 6.343 6.486 7.057 7.097 5.768
0.0152 0.01508 9.53908 0.8000000119 2.4187245369    0.800 -0.522  3.6984  4.608    1  0.000  0.537     0.00     0.00     0.00     0.00     0.00 -1 -2.09e-14      0.00 7.237e-01 2.617e-01 2.586e-03 7.064e-04 6.419e-03 -1.000 1.459e-02 6.074 6.169 6.690 6.728 5.492
0.0152 0.01508 9.53908 0.8393562436 2.4317495823    0.839 -0.416  3.7141  4.586    1  0.000  0.537     0.00     0.00     0.00     0.00     0.00 -1 -2.68e-14      0.00 7.252e-01 2.603e-01 2.573e-03 7.030e-04 6.388e-03 -1.000 1.451e-02 5.810 5.866 6.344 6.381 5.226
0.0152 0.01508 9.53908 0.8500000238 2.4350347519    0.850 -0.388  3.7183  4.580    1  0.000  0.537     0.00     0.00     0.00     0.00     0.00 -1 -2.86e-14      0.00 7.256e-01 2.599e-01 2.570e-03 7.021e-04 6.380e-03 -1.000 1.449e-02 5.739 5.787 6.255 6.291 5.157
0.0152 0.01508 9.53908 0.8527843952 2.4358787537    0.852 -0.380  3.7193  4.578    1  0.000  0.537     0.00     0.00     0.00     0.00     0.00 -1 -2.91e-14      0.00 7.258e-01 2.597e-01 2.569e-03 7.018e-04 6.377e-03 -1.000 1.448e-02 5.721 5.767 6.232 6.267 5.139
0.0152 0.01508 9.53908 0.9000000358 2.4492788315    0.899 -0.258  3.7362  4.547    1  0.000  0.537     0.00     0.00     0.00     0.00     0.00 -1 -3.88e-14      0.00 7.281e-01 2.575e-01 2.550e-03 6.966e-04 6.331e-03 -1.000 1.437e-02 5.415 5.432 5.857 5.891 4.841
0.0152 0.01508 9.53908 0.9171670079 2.4537591934    0.917 -0.214  3.7418  4.534    1  0.000  0.537     0.00     0.00     0.00     0.00     0.00 -1 -4.32e-14      0.00 7.292e-01 2.565e-01 2.541e-03 6.942e-04 6.309e-03 -1.000 1.434e-02 5.306 5.315 5.726 5.759 4.736
0.0152 0.01508 9.53908 0.9431719780 2.4601905346    0.942 -0.149  3.7501  4.513    1  0.000  0.537     0.00     0.00     0.00     0.00     0.00 -1 -5.08e-14      0.00 7.309e-01 2.549e-01 2.527e-03 6.905e-04 6.276e-03 -1.000 1.425e-02 5.142 5.143 5.533 5.565 4.583
0.0152 0.01508 9.53908 0.9500000477 2.4618122578    0.949 -0.132  3.7522  4.508    1  0.000  0.537     0.00     0.00     0.00     0.00     0.00 -1  -5.3e-14      0.00 7.314e-01 2.544e-01 2.523e-03 6.895e-04 6.267e-03 -1.000 1.424e-02 5.099 5.098 5.484 5.515 4.544
0.0152 0.01508 9.53908 0.9669921994 2.4657340050    0.967 -0.089  3.7571  4.493    1  0.000  0.537     0.00     0.00     0.00     0.00     0.00 -1  -5.9e-14      0.00 7.328e-01 2.530e-01 2.511e-03 6.863e-04 6.238e-03 -1.000 1.418e-02 4.992 4.988 5.363 5.393 4.444
0.0152 0.01508 9.53908 0.9888481498 2.4705507755    0.989 -0.034  3.7632  4.472    1  0.000  0.537     0.00     0.00     0.00     0.00     0.00 -1 -6.77e-14      0.00 7.348e-01 2.511e-01 2.494e-03 6.819e-04 6.199e-03 -1.000 1.412e-02 4.856 4.848 5.209 5.238 4.318
0.0152 0.01508 9.53908 1.0000000000 2.4729156494    1.000 -0.007  3.7662  4.462    1  0.000  0.536     0.00     0.00     0.00     0.00     0.00 -1 -7.26e-14      0.00 7.358e-01 2.501e-01 2.486e-03 6.796e-04 6.178e-03 -1.000 1.408e-02 4.787 4.778 5.131 5.160 4.255
0.0152 0.01508 9.53908 1.0162700415 2.4762587547    1.016  0.034  3.7703  4.444    1  0.000  0.536     0.00     0.00     0.00     0.00     0.00 -1 -7.87e-14      0.00 7.379e-01 2.481e-01 2.469e-03 6.750e-04 6.137e-03 -1.000 1.398e-02 4.686 4.675 5.019 5.047 4.162
0.0152 0.01508 9.53908 1.0374518633 2.4804310799    1.037  0.086  3.7754  4.421    1  0.000  0.536     0.00     0.00     0.00     0.00     0.00 -1 -8.74e-14      0.00 7.408e-01 2.454e-01 2.445e-03 6.686e-04 6.080e-03 -1.000 1.387e-02 4.555 4.543 4.875 4.902 4.042
0.0152 0.01508 9.53908 1.0499999523 2.4828116894    1.049  0.117  3.7783  4.407    1  0.000  0.536     0.00     0.00     0.00     0.00     0.00 -1 -9.31e-14      0.00 7.426e-01 2.436e-01 2.430e-03 6.646e-04 6.044e-03 -1.000 1.378e-02 4.478 4.465 4.791 4.817 3.972
0.0152 0.01508 9.53908 1.0643322468 2.4854519367    1.063  0.152  3.7814  4.390    1  0.000  0.536     0.00     0.00     0.00     0.00     0.00 -1 -9.98e-14      0.00 7.455e-01 2.409e-01 2.407e-03 6.583e-04 5.987e-03 -1.000 1.360e-02 4.391 4.377 4.695 4.721 3.891
0.0152 0.01508 9.53908 1.0833997726 2.4888401031    1.082  0.198  3.7852  4.367    1  0.000  0.536     0.00     0.00     0.00     0.00     0.00 -1  -1.1e-13      0.00 7.495e-01 2.370e-01 2.374e-03 6.494e-04 5.907e-03 -1.000 1.345e-02 4.274 4.261 4.571 4.596 3.784
0.0152 0.01508 9.53908 1.1000000238 2.4916803837    1.099  0.239  3.7884  4.346    1  0.000  0.536     0.00     0.00     0.00     0.00     0.00 -1 -1.19e-13      0.00 7.533e-01 2.334e-01 2.342e-03 6.410e-04 5.832e-03 -1.000 1.328e-02 4.174 4.160 4.463 4.487 3.690
0.0152 0.01508 9.53908 1.1069259644 2.4928362370    1.106  0.255  3.7897  4.337    1  0.000  0.535     0.00     0.00     0.00     0.00     0.00 -1 -1.23e-13      0.00 7.544e-01 2.323e-01 2.335e-03 6.390e-04 5.815e-03 -1.000 1.325e-02 4.132 4.118 4.419 4.443 3.652
0.0152 0.01508 9.53908 1.1238170862 2.4955871105    1.123  0.296  3.7925  4.315    1  0.000  0.535     0.00     0.00     0.00     0.00     0.00 -1 -1.34e-13      0.00 7.570e-01 2.299e-01 2.319e-03 6.348e-04 5.778e-03 -1.000 1.314e-02 4.031 4.018 4.312 4.336 3.558
0.0152 0.01508 9.53908 1.1401101351 2.4981517792    1.139  0.333  3.7949  4.293    1  0.000  0.535     0.00     0.00     0.00     0.00     0.00 -1 -1.44e-13      0.00 7.591e-01 2.278e-01 2.306e-03 6.316e-04 5.749e-03 -1.000 1.309e-02 3.937 3.924 4.213 4.236 3.470
0.0152 0.01508 9.53908 1.1499999762 2.4996678829    1.149  0.356  3.7962  4.279    1  0.000  0.535     0.00     0.00     0.00     0.00     0.00 -1 -1.51e-13      0.00 7.603e-01 2.267e-01 2.300e-03 6.301e-04 5.735e-03 -1.000 1.306e-02 3.881 3.868 4.154 4.177 3.417
0.0152 0.01508 9.53908 1.1654964685 2.5019841194    1.164  0.388  3.7975  4.258    1  0.000  0.534     0.00     0.00     0.00     0.00     0.00 -1 -1.61e-13      0.00 7.599e-01 2.270e-01 2.308e-03 6.328e-04 5.757e-03 -1.000 1.312e-02 3.799 3.787 4.070 4.093 3.339
0.0152 0.01508 9.53908 1.1807515621 2.5041961670    1.180  0.418  3.7980  4.236    1  0.000  0.534     0.00     0.00     0.00     0.00     0.00 -1 -1.71e-13      0.00 7.595e-01 2.273e-01 2.317e-03 6.354e-04 5.782e-03 -1.000 1.319e-02 3.724 3.711 3.993 4.016 3.265
0.0152 0.01508 9.53908 1.1941555738 2.5060861111    1.193  0.443  3.7978  4.215    1  0.000  0.534     0.00     0.00     0.00     0.00     0.00 -1  -1.8e-13      0.00 7.590e-01 2.278e-01 2.327e-03 6.379e-04 5.807e-03 -1.000 1.324e-02 3.663 3.650 3.932 3.955 3.203
0.0152 0.01508 9.53908 1.2000000477 2.5068950653    1.199  0.452  3.7975  4.206    1  0.000  0.534     0.00     0.00     0.00     0.00     0.00 -1 -1.83e-13      0.00 7.587e-01 2.280e-01 2.331e-03 6.390e-04 5.818e-03 -1.000 1.325e-02 3.639 3.625 3.908 3.931 3.178
0.0152 0.01508 9.53908 1.2067972422 2.5078244209    1.206  0.465  3.7973  4.196    1  0.000  0.534     0.00     0.00     0.00     0.00     0.00 -1 -1.87e-13      0.00 7.587e-01 2.280e-01 2.332e-03 6.390e-04 5.821e-03 -1.000 1.326e-02 3.609 3.595 3.879 3.901 3.148
0.0152 0.01508 9.53908 1.2500000000 2.5134611130    1.249  0.540  3.7951  4.128    1  0.000  0.533     0.00     0.00     0.00     0.00     0.00 -1 -2.16e-13      0.00 7.582e-01 2.284e-01 2.337e-03 6.384e-04 5.849e-03 -1.000 1.333e-02 3.421 3.407 3.694 3.717 2.955
0.0152 0.01508 9.53908 1.2687702179 2.5157730579    1.268  0.573  3.7935  4.094    1  0.000  0.533     0.00     0.00     0.00     0.00     0.00 -1  -2.3e-13      0.00 7.580e-01 2.286e-01 2.339e-03 6.384e-04 5.856e-03 -1.000 1.334e-02 3.338 3.323 3.614 3.637 2.867
0.0152 0.01508 9.53908 1.2999999523 2.5194499493    1.299  0.630  3.7902  4.035    1  0.000  0.533     0.00     0.00     0.00     0.00     0.00 -1 -2.58e-13      0.00 7.576e-01 2.291e-01 2.344e-03 6.394e-04 5.866e-03 -1.000 1.332e-02 3.196 3.181 3.478 3.501 2.718
0.0152 0.01508 9.53908 1.3058884144 2.5201206207    1.305  0.641  3.7894  4.022    1  0.000  0.533     0.00     0.00     0.00     0.00     0.00 -1 -2.64e-13      0.00 7.573e-01 2.293e-01 2.346e-03 6.397e-04 5.874e-03 -1.000 1.333e-02 3.168 3.152 3.451 3.475 2.688
0.0152 0.01508 9.53908 1.3225862980 2.5219850540    1.322  0.711  3.7942  3.977    1  0.000  0.532     0.00     0.00     0.00     0.00     0.00 -1 -3.09e-13      0.00 7.564e-01 2.302e-01 2.354e-03 6.405e-04 5.896e-03 -1.000 1.339e-02 2.993 2.978 3.266 3.289 2.525
0.0152 0.01508 9.53908 1.3254032135 2.5222942829    1.325  0.747  3.7990  3.961    1  0.000  0.532     0.00     0.00     0.00     0.00     0.00 -1 -3.39e-13      0.00 7.562e-01 2.304e-01 2.356e-03 6.408e-04 5.901e-03 -1.000 1.340e-02 2.902 2.887 3.165 3.187 2.445
0.0152 0.01508 9.53908 1.3265024424 2.5224146843    1.326  0.782  3.8033  3.944    1  0.000  0.532     0.00     0.00     0.00     0.00     0.00 -1 -3.73e-13      0.00 7.561e-01 2.305e-01 2.356e-03 6.410e-04 5.903e-03 -1.000 1.341e-02 2.816 2.800 3.069 3.091 2.370
0.0152 0.01508 9.53908 1.3269703388 2.5224657059    1.326  0.802  3.8055  3.933    1  0.000  0.532     0.00     0.00     0.00     0.00     0.00 -1 -3.97e-13      0.00 7.561e-01 2.305e-01 2.357e-03 6.410e-04 5.904e-03 -1.000 1.341e-02 2.765 2.749 3.014 3.035 2.324
0.0152 0.01508 9.53908 1.3273644447 2.5225088596    1.327  0.798  3.8037  3.929    2  0.000  0.532     0.00     0.00     0.00     0.00     0.00 -1 -3.95e-13      0.00 7.560e-01 2.305e-01 2.357e-03 6.411e-04 5.905e-03 -1.000 1.341e-02 2.775 2.759 3.027 3.049 2.330
0.0152 0.01508 9.53908 1.3341374397 2.5232436657    1.334  0.815  3.7933  3.873    2  0.000  0.532     0.00     0.00     0.00     0.00     0.00 -1 -4.28e-13      0.00 7.552e-01 2.314e-01 2.364e-03 6.424e-04 5.923e-03 -1.000 1.344e-02 2.733 2.715 3.005 3.028 2.262
0.0152 0.01508 9.53908 1.3452357054 2.5244293213    1.345  0.832  3.7779  3.798    2  0.000  0.532     0.00     0.00     0.00     0.00     0.00 -1 -4.71e-13      0.00 7.490e-01 2.373e-01 2.408e-03 6.535e-04 6.032e-03 -1.000 1.366e-02 2.689 2.674 2.995 3.021 2.184
0.0152 0.01508 9.53908 1.3500001431 2.5249314308    1.349  0.822  3.7667  3.765    2  0.000  0.533     0.00     0.00     0.00     0.00     0.00 -1 -4.72e-13      0.00 7.386e-01 2.473e-01 2.486e-03 6.738e-04 6.219e-03 -1.000 1.409e-02 2.716 2.707 3.053 3.081 2.191
0.0152 0.01508 9.53908 1.3513220549 2.5250701904    1.351  0.817  3.7633  3.757    2  0.000  0.533     0.00     0.00     0.00     0.00     0.00 -1 -4.69e-13      0.00 7.352e-01 2.506e-01 2.512e-03 6.807e-04 6.281e-03 -1.000 1.424e-02 2.728 2.721 3.075 3.104 2.198
0.0152 0.01508 9.53908 1.3542457819 2.5253756046    1.354  0.791  3.7531  3.743    2  0.000  0.534     0.00     0.00     0.00     0.00     0.00 -1 -4.46e-13      0.00 7.278e-01 2.576e-01 2.570e-03 6.961e-04 6.419e-03 -1.000 1.458e-02 2.793 2.794 3.171 3.201 2.248
0.0152 0.01508 9.53908 1.3567668200 2.5256376266    1.356  0.758  3.7425  3.734    2  0.000  0.534     0.00     0.00     0.00     0.00     0.00 -1 -4.14e-13      0.00 7.229e-01 2.623e-01 2.608e-03 7.063e-04 6.510e-03 -1.000 1.476e-02 2.874 2.887 3.288 3.319 2.318
0.0152 0.01508 9.53908 1.3590692282 2.5258762836    1.359  0.729  3.7325  3.724    2  0.000  0.535     0.00     0.00     0.00     0.00     0.00 -1 -3.89e-13      0.00 7.198e-01 2.653e-01 2.632e-03 7.126e-04 6.565e-03 -1.000 1.490e-02 2.946 2.974 3.396 3.429 2.383
0.0152 0.01508 9.53908 1.3612494469 2.5261011124    1.361  0.713  3.7240  3.706    2  0.000  0.535     0.00     0.00     0.00     0.00     0.00 -1 -3.79e-13      0.00 7.176e-01 2.674e-01 2.647e-03 7.166e-04 6.600e-03 -1.000 1.496e-02 2.986 3.028 3.470 3.504 2.420
0.0152 0.01508 9.53908 1.3638228178 2.5263655186    1.363  0.715  3.7159  3.673    2  0.000  0.535     0.00     0.00     0.00     0.00     0.00 -1  -3.9e-13      0.00 7.154e-01 2.695e-01 2.658e-03 7.202e-04 6.629e-03 -1.000 1.503e-02 2.983 3.041 3.500 3.536 2.416
0.0152 0.01508 9.53908 1.3671700954 2.5267078876    1.367  0.744  3.7082  3.615    2  0.000  0.533     0.00     0.00     0.00     0.00     0.00 -1 -4.38e-13      0.00 7.125e-01 2.724e-01 2.661e-03 7.252e-04 6.657e-03 -1.000 1.509e-02 2.911 2.986 3.463 3.499 2.345
0.0152 0.01508 9.53908 1.3676259518 2.5267543793    1.367  0.749  3.7073  3.606    2  0.000  0.532     0.00     0.00     0.00     0.00     0.00 -1  -4.5e-13      0.00 7.120e-01 2.728e-01 2.659e-03 7.267e-04 6.660e-03 -1.000 1.513e-02 2.896 2.973 3.453 3.489 2.330
0.0152 0.01508 9.53908 1.3695160151 2.5269465446    1.369  0.783  3.7045  3.561    3  0.000  0.513     0.00     0.00     0.00     0.00     0.00 -1 -5.06e-13      0.00 7.095e-01 2.753e-01 2.567e-03 8.062e-04 6.671e-03 -1.000 1.512e-02 2.812 2.895 3.382 3.418 2.247
0.0152 0.01508 9.53908 1.3713421822 2.5271317959    1.371  0.822  3.7020  3.513    3  0.000  0.480     0.00     0.00     0.00     0.00     0.00 -1 -5.79e-13      0.00 7.065e-01 2.783e-01 2.412e-03 9.820e-04 6.681e-03 -1.000 1.516e-02 2.716 2.806 3.298 3.335 2.152
0.0152 0.01508 9.53908 1.3732229471 2.5273218155    1.373  0.865  3.6999  3.462    3  0.000  0.449     0.00     0.00     0.00     0.00     0.00 -1 -6.73e-13      0.00 7.032e-01 2.816e-01 2.256e-03 1.173e-03 6.690e-03 -1.000 1.521e-02 2.609 2.703 3.201 3.237 2.045
0.0152 0.01508 9.53908 1.3754199743 2.5275433064    1.375  0.918  3.6977  3.401    3  0.000  0.423     0.00     0.00     0.00     0.00     0.00 -1  -8.1e-13      0.00 6.997e-01 2.851e-01 2.129e-03 1.330e-03 6.696e-03 -1.000 1.524e-02 2.475 2.576 3.079 3.116 1.913
0.0152 0.01508 9.53908 1.3776943684 2.5277714729    1.377  0.976  3.6955  3.335    3  0.000  0.407     0.00     0.00     0.00     0.00     0.00 -1 -9.92e-13      0.00 6.968e-01 2.879e-01 2.048e-03 1.432e-03 6.701e-03 -1.000 1.529e-02 2.329 2.436 2.945 2.982 1.768
0.0152 0.01508 9.53908 1.3798639774 2.5279884338    1.379  1.036  3.6933  3.267    3  0.000  0.397     0.00     0.00     0.00     0.00     0.00 -1 -1.22e-12      0.00 6.947e-01 2.900e-01 2.000e-03 1.494e-03 6.705e-03 -1.000 1.531e-02 2.181 2.293 2.808 2.845 1.620
0.0152 0.01508 9.53908 1.3817518950 2.5281765461    1.381  1.089  3.6912  3.206    3  0.000  0.392     0.00     0.00     0.00     0.00     0.00 -1 -1.47e-12      0.00 6.935e-01 2.912e-01 1.973e-03 1.528e-03 6.707e-03 -1.000 1.533e-02 2.048 2.167 2.687 2.725 1.489
0.0152 0.01508 9.53908 1.3833990097 2.5283403397    1.383  1.136  3.6893  3.152    3  0.000  0.389     0.00     0.00     0.00     0.00     0.00 -1 -1.74e-12      0.00 6.927e-01 2.919e-01 1.958e-03 1.548e-03 6.708e-03 -1.000 1.532e-02 1.929 2.053 2.578 2.616 1.371
0.0152 0.01508 9.53908 1.3849866390 2.5284976959    1.384  1.182  3.6874  3.099    3  0.000  0.387     0.00     0.00     0.00     0.00     0.00 -1 -2.04e-12      0.00 6.923e-01 2.924e-01 1.948e-03 1.560e-03 6.708e-03 -1.000 1.530e-02 1.815 1.944 2.474 2.512 1.258
0.0152 0.01508 9.53908 1.3865019083 2.5286474228    1.386  1.227  3.6855  3.047    3  0.000  0.386     0.00     0.00     0.00     0.00     0.00 -1 -2.39e-12      0.00 6.921e-01 2.926e-01 1.943e-03 1.567e-03 6.708e-03 -1.000 1.528e-02 1.702 1.837 2.372 2.411 1.146
0.0152 0.01508 9.53908 1.3878622055 2.5287814140    1.387  1.273  3.6836  2.994    3  0.000  0.385     0.00     0.00     0.00     0.00     0.00 -1 -2.81e-12      0.00 6.920e-01 2.927e-01 1.940e-03 1.571e-03 6.708e-03 -1.000 1.531e-02 1.588 1.729 2.270 2.309 1.035
0.0152 0.01508 9.53908 1.3889956474 2.5288929939    1.388  1.319  3.6814  2.939    3  0.000  0.385     0.00     0.00     0.00     0.00     0.00 -1 -3.32e-12      0.00 6.919e-01 2.928e-01 1.938e-03 1.573e-03 6.708e-03 -1.000 1.532e-02 1.473 1.621 2.167 2.206 0.921
0.0152 0.01508 9.53908 1.3900307417 2.5289947987    1.389  1.367  3.6790  2.882    3  0.000  0.385     0.00     0.00     0.00     0.00     0.00 -1 -3.94e-12      0.00 6.919e-01 2.928e-01 1.937e-03 1.575e-03 6.708e-03 -1.000 1.530e-02 1.352 1.508 2.060 2.099 0.803
0.0152 0.01508 9.53908 1.3909848928 2.5290882587    1.390  1.416  3.6766  2.824    3  0.000  0.385     0.00     0.00     0.00     0.00     0.00 -1  -4.7e-12      0.00 6.919e-01 2.928e-01 1.936e-03 1.576e-03 6.708e-03 -1.000 1.531e-02 1.231 1.395 1.954 1.993 0.685
0.0152 0.01508 9.53908 1.3918190002 2.5291700363    1.391  1.461  3.6742  2.769    3  0.000  0.384     0.00     0.00     0.00     0.00     0.00 -1 -5.55e-12      0.00 6.919e-01 2.928e-01 1.935e-03 1.577e-03 6.708e-03 -1.000 1.531e-02 1.117 1.289 1.855 1.895 0.574
0.0152 0.01508 9.53908 1.3925940990 2.5292458534    1.392  1.505  3.6719  2.716    3  0.000  0.384     0.00     0.00     0.00     0.00     0.00 -1  -6.5e-12      0.00 6.919e-01 2.928e-01 1.934e-03 1.578e-03 6.707e-03 -1.000 1.531e-02 1.008 1.187 1.760 1.799 0.467
0.0152 0.01508 9.53908 1.3933786154 2.5293223858    1.393  1.545  3.6698  2.668    3  0.000  0.384     0.00     0.00     0.00     0.00     0.00 -1 -7.52e-12      0.00 6.919e-01 2.928e-01 1.933e-03 1.579e-03 6.707e-03 -1.000 1.531e-02 0.908 1.095 1.674 1.713 0.370
0.0152 0.01508 9.53908 1.3943028450 2.5294125080    1.393  1.585  3.6675  2.619    3  0.000  0.384     0.00     0.00     0.00     0.00     0.00 -1 -8.71e-12      0.00 6.919e-01 2.928e-01 1.932e-03 1.581e-03 6.707e-03 -1.000 1.531e-02 0.806 1.002 1.587 1.627 0.272
0.0152 0.01508 9.53908 1.3945802450 2.5294394493    1.394  1.593  3.6671  2.609    3  0.000  0.384     0.00     0.00     0.00     0.00     0.00 -1    -9e-12      0.00 6.919e-01 2.928e-01 1.932e-03 1.581e-03 6.707e-03 -1.000 1.531e-02 0.787 0.984 1.570 1.610 0.253
0.0152 0.01508 9.53908 1.3954900503 2.5295281410    1.395  1.546  3.6703  2.669    3  0.000  0.384     0.00     0.00     0.00     0.00     0.00 -1 -7.63e-12      0.00 6.918e-01 2.928e-01 1.931e-03 1.582e-03 6.707e-03 -1.000 1.531e-02 0.904 1.089 1.666 1.706 0.365
0.0152 0.01508 9.53908 1.3957198858 2.5295505524    1.395  1.528  3.6715  2.693    3  0.000  0.384     0.00     0.00     0.00     0.00     0.00 -1 -7.09e-12      0.00 6.918e-01 2.929e-01 1.931e-03 1.583e-03 6.707e-03 -1.000 1.531e-02 0.951 1.132 1.705 1.745 0.411
0.0152 0.01508 9.53908 1.3958169222 2.5295598507    1.395  1.535  3.6711  2.684    3  0.000  0.384     0.00     0.00     0.00     0.00     0.00 -1 -7.25e-12      0.00 6.918e-01 2.929e-01 1.931e-03 1.583e-03 6.707e-03 -1.000 1.531e-02 0.933 1.115 1.690 1.730 0.393
0.0152 0.01508 9.53908 1.3964711428 2.5296235085    1.395  1.581  3.6685  2.627    3  0.000  0.384     0.00     0.00     0.00     0.00     0.00 -1  -8.5e-12      0.00 6.918e-01 2.929e-01 1.930e-03 1.584e-03 6.707e-03 -1.000 1.531e-02 0.817 1.009 1.591 1.631 0.281
0.0152 0.01508 9.53908 1.3971410990 2.5296885967    1.396  1.629  3.6657  2.568    3  0.000  0.383     0.00     0.00     0.00     0.00     0.00 -1 -1.01e-11      0.00 6.918e-01 2.929e-01 1.930e-03 1.585e-03 6.707e-03 -1.000 1.531e-02 0.697 0.899 1.489 1.529 0.165
0.0152 0.01508 9.53908 1.3977493048 2.5297474861    1.397  1.675  3.6630  2.512    3  0.000  0.383     0.00     0.00     0.00     0.00     0.00 -1  -1.2e-11      0.00 6.918e-01 2.929e-01 1.929e-03 1.585e-03 6.707e-03 -1.000 1.531e-02 0.582 0.794 1.392 1.432 0.054
0.0152 0.01508 9.53908 1.3983114958 2.5298018456    1.397  1.721  3.6602  2.455    3  0.000  0.383     0.00     0.00     0.00     0.00     0.00 -1 -1.42e-11      0.00 6.918e-01 2.929e-01 1.928e-03 1.586e-03 6.706e-03 -1.000 1.531e-02 0.468 0.690 1.297 1.338 -0.057
0.0152 0.01508 9.53908 1.3988331556 2.5298523903    1.398  1.766  3.6575  2.399    3  0.000  0.383     0.00     0.00     0.00     0.00     0.00 -1 -1.68e-11      0.00 6.918e-01 2.929e-01 1.928e-03 1.587e-03 6.706e-03 -1.000 1.531e-02 0.354 0.588 1.204 1.245 -0.167
0.0152 0.01508 9.53908 1.3993060589 2.5298981667    1.398  1.811  3.6547  2.343    3  0.000  0.383     0.00     0.00     0.00     0.00     0.00 -1 -1.98e-11      0.00 6.918e-01 2.929e-01 1.927e-03 1.587e-03 6.706e-03 -1.000 1.531e-02 0.242 0.487 1.114 1.155 -0.274
0.0152 0.01508 9.53908 1.3997429609 2.5299403667    1.398  1.856  3.6519  2.287    3  0.000  0.383     0.00     0.00     0.00     0.00     0.00 -1 -2.34e-11      0.00 6.918e-01 2.929e-01 1.927e-03 1.588e-03 6.706e-03 -1.000 1.531e-02 0.131 0.388 1.025 1.066 -0.381
0.0152 0.01508 9.53908 1.4000000954 2.5299651623    1.399  1.883  3.6501  2.253    3  0.000  0.383     0.00     0.00     0.00     0.00     0.00 -1 -2.59e-11      0.00 6.918e-01 2.929e-01 1.927e-03 1.588e-03 6.706e-03 -1.000 1.531e-02 0.062 0.326 0.969 1.010 -0.448
0.0152 0.01508 9.53908 1.4002968073 2.5299937725    1.399  1.911  3.6483  2.217    3  0.000  0.383     0.00     0.00     0.00     0.00     0.00 -1 -2.88e-11      0.00 6.918e-01 2.929e-01 1.926e-03 1.589e-03 6.706e-03 -1.000 1.531e-02 -0.008 0.264 0.914 0.955 -0.515
0.0152 0.01508 9.53908 1.4007179737 2.5300345421    1.399  1.955  3.6455  2.163    3  0.000  0.383     0.00     0.00     0.00     0.00     0.00 -1 -3.38e-11      0.00 6.918e-01 2.929e-01 1.926e-03 1.590e-03 6.706e-03 -1.000 1.531e-02 -0.116 0.168 0.829 0.871 -0.617
0.0152 0.01508 9.53908 1.4010925293 2.5300705433    1.399  1.996  3.6427  2.111    3  0.000  0.383     0.00     0.00     0.00     0.00     0.00 -1 -3.94e-11      0.00 6.918e-01 2.929e-01 1.926e-03 1.590e-03 6.706e-03 -1.000 1.531e-02 -0.220 0.077 0.749 0.791 -0.716
0.0152 0.01508 9.53908 1.4014493227 2.5301048756    1.400  2.039  3.6398  2.057    3  0.000  0.383     0.00     0.00     0.00     0.00     0.00 -1 -4.63e-11      0.00 6.917e-01 2.929e-01 1.925e-03 1.591e-03 6.706e-03 -1.000 1.531e-02 -0.327 -0.016 0.666 0.709 -0.817
0.0152 0.01508 9.53908 1.4017724991 2.5301361084    1.400  2.081  3.6369  2.003    3  0.000  0.383     0.00     0.00     0.00     0.00     0.00 -1 -5.41e-11      0.00 6.917e-01 2.930e-01 1.925e-03 1.591e-03 6.706e-03 -1.000 1.532e-02 -0.431 -0.106 0.589 0.631 -0.915
0.0152 0.01508 9.53908 1.4020687342 2.5301644802    1.400  2.122  3.6341  1.950    3  0.000  0.383     0.00     0.00     0.00     0.00     0.00 -1 -6.32e-11      0.00 6.917e-01 2.930e-01 1.925e-03 1.592e-03 6.706e-03 -1.000 1.532e-02 -0.535 -0.195 0.510 0.553 -1.010
0.0152 0.01508 9.53908 1.4023485184 2.5301914215    1.400  2.164  3.6311  1.897    3  0.000  0.383     0.00     0.00     0.00     0.00     0.00 -1 -7.41e-11      0.00 6.917e-01 2.930e-01 1.925e-03 1.592e-03 6.706e-03 -1.000 1.532e-02 -0.640 -0.285 0.430 0.473 -1.108
0.0152 0.01508 9.53908 1.4026013613 2.5302157402    1.400  2.205  3.6282  1.844    3  0.000  0.382     0.00     0.00     0.00     0.00     0.00 -1 -8.64e-11      0.00 6.917e-01 2.930e-01 1.924e-03 1.593e-03 6.706e-03 -1.000 1.532e-02 -0.743 -0.372 0.354 0.396 -1.201
0.0152 0.01508 9.53908 1.4028440714 2.5302391052    1.400  2.247  3.6252  1.790    3  0.000  0.382     0.00     0.00     0.00     0.00     0.00 -1 -1.01e-10      0.00 6.917e-01 2.930e-01 1.924e-03 1.593e-03 6.706e-03 -1.000 1.532e-02 -0.849 -0.461 0.275 0.318 -1.297
0.0152 0.01508 9.53908 1.4030592442 2.5302598476    1.401  2.288  3.6222  1.737    3  0.000  0.382     0.00     0.00     0.00     0.00     0.00 -1 -1.18e-10      0.00 6.917e-01 2.930e-01 1.924e-03 1.593e-03 6.706e-03 -1.000 1.532e-02 -0.950 -0.546 0.200 0.243 -1.389
0.0152 0.01508 9.53908 1.4032627344 2.5302793980    1.401  2.329  3.6192  1.684    3  0.000  0.382     0.00     0.00     0.00     0.00     0.00 -1 -1.38e-10      0.00 6.917e-01 2.930e-01 1.924e-03 1.594e-03 6.706e-03 -1.000 1.532e-02 -1.053 -0.632 0.124 0.167 -1.481
0.0152 0.01508 9.53908 1.4034516811 2.5302975178    1.401  2.370  3.6162  1.631    3  0.000  0.382     0.00     0.00     0.00     0.00     0.00 -1 -1.62e-10      0.00 6.916e-01 2.930e-01 1.924e-03 1.594e-03 6.706e-03 -1.000 1.532e-02 -1.156 -0.716 0.050 0.093 -1.573
0.0152 0.01508 9.53908 1.4036262035 2.5303142071    1.401  2.411  3.6131  1.577    3  0.000  0.382     0.00     0.00     0.00     0.00     0.00 -1 -1.89e-10      0.00 6.916e-01 2.930e-01 1.924e-03 1.594e-03 6.706e-03 -1.000 1.532e-02 -1.258 -0.800 -0.024 0.019 -1.663
0.0152 0.01508 9.53908 1.4037871361 2.5303297043    1.400  2.452  3.6100  1.524    3  0.000  0.382     0.00     0.00     0.00     0.00     0.00 -1  -2.2e-10      0.00 6.916e-01 2.930e-01 1.923e-03 1.594e-03 6.706e-03 -1.000 1.532e-02 -1.360 -0.883 -0.097 -0.055 -1.753
0.0152 0.01508 9.53908 1.4039336443 2.5303437710    1.400  2.492  3.6070  1.472    3  0.000  0.382     0.00     0.00     0.00     0.00     0.00 -1 -2.56e-10      0.00 6.916e-01 2.931e-01 1.923e-03 1.595e-03 6.706e-03 -1.000 1.532e-02 -1.459 -0.961 -0.163 -0.120 -1.840
0.0152 0.01508 9.53908 1.4040710926 2.5303568840    1.400  2.532  3.6038  1.419    3  0.000  0.382     0.00     0.00     0.00     0.00     0.00 -1 -2.99e-10      0.00 6.916e-01 2.931e-01 1.923e-03 1.595e-03 6.706e-03 -1.000 1.532e-02 -1.560 -1.040 -0.225 -0.182 -1.929
0.0152 0.01508 9.53908 1.4042003155 2.5303692818    1.400  2.572  3.6006  1.366    3  0.000  0.382     0.00     0.00     0.00     0.00     0.00 -1 -3.49e-10      0.00 6.916e-01 2.931e-01 1.923e-03 1.595e-03 6.706e-03 -1.000 1.532e-02 -1.661 -1.119 -0.287 -0.245 -2.018
0.0152 0.01508 9.53908 1.4043166637 2.5303804874    1.400  2.611  3.5975  1.315    3  0.000  0.382     0.00     0.00     0.00     0.00     0.00 -1 -4.05e-10      0.00 6.916e-01 2.931e-01 1.923e-03 1.595e-03 6.706e-03 -1.000 1.532e-02 -1.758 -1.191 -0.342 -0.299 -2.102
0.0152 0.01508 9.53908 1.4044264555 2.5303909779    1.400  2.650  3.5942  1.262    3  0.000  0.382     0.00     0.00     0.00     0.00     0.00 -1 -4.72e-10      0.00 6.916e-01 2.931e-01 1.923e-03 1.596e-03 6.706e-03 -1.000 1.532e-02 -1.856 -1.264 -0.394 -0.352 -2.186
0.0152 0.01508 9.53908 1.4045294523 2.5304007530    1.399  2.690  3.5909  1.210    3  0.000  0.382     0.00     0.00     0.00     0.00     0.00 -1 -5.49e-10      0.00 6.916e-01 2.931e-01 1.923e-03 1.596e-03 6.705e-03 -1.000 1.532e-02 -1.954 -1.336 -0.447 -0.405 -2.270
0.0152 0.01508 9.53908 1.4046226740 2.5304098129    1.399  2.727  3.5877  1.159    3  0.000  0.382     0.00     0.00     0.00     0.00     0.00 -1 -6.35e-10      0.00 6.916e-01 2.931e-01 1.923e-03 1.596e-03 6.705e-03 -1.000 1.532e-02 -2.049 -1.402 -0.491 -0.449 -2.349
0.0152 0.01508 9.53908 1.4047120810 2.5304183960    1.399  2.766  3.5844  1.107    3  0.000  0.382     0.00     0.00     0.00     0.00     0.00 -1 -7.38e-10      0.00 6.916e-01 2.931e-01 1.923e-03 1.596e-03 6.705e-03 -1.000 1.532e-02 -2.145 -1.468 -0.532 -0.490 -2.428
0.0152 0.01508 9.53908 1.4047958851 2.5304262638    1.399  2.804  3.5811  1.056    3  0.000  0.382     0.00     0.00     0.00     0.00     0.00 -1 -8.56e-10      0.00 6.916e-01 2.931e-01 1.923e-03 1.596e-03 6.705e-03 -1.000 1.532e-02 -2.241 -1.533 -0.573 -0.532 -2.507
0.0152 0.01508 9.53908 1.4048907757 2.5304355621    1.398  2.851  3.5769  0.992    3  0.000  0.382     0.00     0.00     0.00     0.00     0.00 -1 -1.03e-09      0.00 6.916e-01 2.931e-01 1.922e-03 1.596e-03 6.705e-03 -1.000 1.532e-02 -2.357 -1.606 -0.607 -0.566 -2.598
0.0152 0.01508 9.53908 1.4049774408 2.5304436684    1.397  2.897  3.5726  0.929    3  0.000  0.382     0.00     0.00     0.00     0.00     0.00 -1 -1.23e-09      0.00 6.916e-01 2.931e-01 1.922e-03 1.596e-03 6.705e-03 -1.000 1.532e-02 -2.472 -1.672 -0.630 -0.590 -2.686
0.0152 0.01508 9.53908 1.4050569534 2.5304512978    1.397  2.942  3.5683  0.867    3  0.000  0.382     0.00     0.00     0.00     0.00     0.00 -1 -1.47e-09      0.00 6.916e-01 2.931e-01 1.922e-03 1.597e-03 6.705e-03 -1.000 1.532e-02 -2.584 -1.732 -0.641 -0.601 -2.769
0.0152 0.01508 9.53908 1.4051306248 2.5304584503    1.396  2.986  3.5640  0.805    3  0.000  0.382     0.00     0.00     0.00     0.00     0.00 -1 -1.75e-09      0.00 6.916e-01 2.931e-01 1.922e-03 1.597e-03 6.705e-03 -1.000 1.532e-02 -2.695 -1.784 -0.634 -0.595 -2.846
0.0152 0.01508 9.53908 1.4051991701 2.5304648876    1.395  3.030  3.5596  0.743    3  0.000  0.382     0.00     0.00     0.00     0.00     0.00 -1 -2.08e-09      0.00 6.916e-01 2.931e-01 1.922e-03 1.597e-03 6.705e-03 -1.000 1.532e-02 -2.804 -1.834 -0.624 -0.585 -2.921
0.0152 0.01508 9.53908 1.4052625895 2.5304710865    1.394  3.073  3.5552  0.682    3  0.000  0.382     0.00     0.00     0.00     0.00     0.00 -1 -2.48e-09      0.00 6.916e-01 2.931e-01 1.922e-03 1.597e-03 6.705e-03 -1.000 1.532e-02 -2.912 -1.874 -0.586 -0.549 -2.988
0.0152 0.01508 9.53908 1.4053211212 2.5304765701    1.393  3.115  3.5508  0.622    3  0.000  0.382     0.00     0.00     0.00     0.00     0.00 -1 -2.94e-09      0.00 6.916e-01 2.931e-01 1.922e-03 1.597e-03 6.705e-03 -1.000 1.532e-02 -3.018 -1.910 -0.545 -0.509 -3.053
0.0152 0.01508 9.53908 1.4053750038 2.5304818153    1.392  3.157  3.5463  0.562    3  0.000  0.382     0.00     0.00     0.00     0.00     0.00 -1 -3.48e-09      0.00 6.916e-01 2.931e-01 1.922e-03 1.597e-03 6.705e-03 -1.000 1.532e-02 -3.123 -1.935 -0.477 -0.442 -3.106
0.0152 0.01508 9.53908 1.4054261446 2.5304868221    1.391  3.199  3.5418  0.502    3  0.000  0.382     0.00     0.00     0.00     0.00     0.00 -1 -4.12e-09      0.00 6.916e-01 2.931e-01 1.922e-03 1.597e-03 6.705e-03 -1.000 1.532e-02 -3.227 -1.955 -0.400 -0.365 -3.157
0.0152 0.01508 9.53908 1.4054735899 2.5304913521    1.390  3.240  3.5372  0.442    3  0.000  0.382     0.00     0.00     0.00     0.00     0.00 -1 -4.88e-09      0.00 6.916e-01 2.931e-01 1.922e-03 1.597e-03 6.705e-03 -1.000 1.532e-02 -3.329 -1.964 -0.295 -0.262 -3.196
0.0152 0.01508 9.53908 1.4055178165 2.5304954052    1.388  3.280  3.5326  0.383    3  0.000  0.382     0.00     0.00     0.00     0.00     0.00 -1 -5.75e-09      0.00 6.916e-01 2.931e-01 1.922e-03 1.597e-03 6.705e-03 -1.000 1.532e-02 -3.429 -1.965 -0.177 -0.145 -3.228
0.0152 0.01508 9.53908 1.4055596590 2.5304994583    1.386  3.319  3.5279  0.324    3  0.000  0.382     0.00     0.00     0.00     0.00     0.00 -1 -6.79e-09      0.00 6.916e-01 2.931e-01 1.922e-03 1.597e-03 6.705e-03 -1.000 1.532e-02 -3.528 -1.956 -0.041 -0.012 -3.248
0.0152 0.01508 9.53908 1.4055986404 2.5305032730    1.385  3.358  3.5233  0.267    3  0.000  0.382     0.00     0.00     0.00     0.00     0.00 -1 -7.97e-09      0.00 6.916e-01 2.931e-01 1.922e-03 1.597e-03 6.705e-03 -1.000 1.532e-02 -3.624 -1.932 0.117 0.143 -3.252
0.0152 0.01508 9.53908 1.4056389332 2.5305070877    1.382  3.396  3.5187  0.210    3  0.000  0.382     0.00     0.00     0.00     0.00     0.00 -1 -9.38e-09      0.00 6.916e-01 2.931e-01 1.922e-03 1.597e-03 6.705e-03 -1.000 1.532e-02 -3.719 -1.897 0.295 0.319 -3.245
0.0152 0.01508 9.53908 1.4056389332 2.5305070877    1.382  1.733  3.6749  2.497    4  0.000  0.385     0.00     0.00     0.00     0.00     0.00 -1    -1e-30      0.00 6.874e-01 2.972e-01 1.939e-03 1.604e-03 6.719e-03 -1.000 1.541e-02 0.437 0.606 1.169 1.208 -0.106
0.0152 0.01508 9.53908 1.4060598612 2.5305473804    1.383  1.747  3.6738  2.479    4  0.000  0.385     0.00     0.00     0.00     0.00     0.00 -1    -1e-30      0.00 6.874e-01 2.972e-01 1.939e-03 1.605e-03 6.719e-03 -1.000 1.541e-02 0.404 0.577 1.142 1.182 -0.138
0.0152 0.01508 9.53908 1.4064980745 2.5305891037    1.383  1.752  3.6735  2.473    4  0.000  0.385     0.00     0.00     0.00     0.00     0.00 -1    -1e-30      0.00 6.874e-01 2.972e-01 1.938e-03 1.606e-03 6.719e-03 -1.000 1.541e-02 0.390 0.564 1.131 1.170 -0.151
0.0152 0.01508 9.53908 1.4069474936 2.5306320190    1.384  1.752  3.6737  2.474    4  0.000  0.384     0.00     0.00     0.00     0.00     0.00 -1    -1e-30      0.00 6.874e-01 2.972e-01 1.938e-03 1.606e-03 6.719e-03 -1.000 1.541e-02 0.391 0.564 1.130 1.169 -0.151
0.0152 0.01508 9.53908 1.4073954821 2.5306749344    1.384  1.750  3.6741  2.477    4  0.000  0.384     0.00     0.00     0.00     0.00     0.00 -1    -1e-30      0.00 6.874e-01 2.972e-01 1.937e-03 1.607e-03 6.719e-03 -1.000 1.541e-02 0.394 0.566 1.131 1.170 -0.148
0.0152 0.01508 9.53908 1.4078389406 2.5307171345    1.385  1.749  3.6744  2.480    4  0.000  0.384     0.00     0.00     0.00     0.00     0.00 -1    -1e-30      0.00 6.874e-01 2.972e-01 1.936e-03 1.607e-03 6.719e-03 -1.000 1.541e-02 0.397 0.568 1.132 1.171 -0.145
0.0152 0.01508 9.53908 1.4082530737 2.5307564735    1.385  1.748  3.6747  2.482    4  0.000  0.384     0.00     0.00     0.00     0.00     0.00 -1    -1e-30      0.00 6.874e-01 2.972e-01 1.936e-03 1.608e-03 6.719e-03 -1.000 1.541e-02 0.400 0.570 1.133 1.172 -0.143
0.0152 0.01508 9.53908 1.4086967707 2.5307989120    1.386  1.747  3.6750  2.485    4  0.000  0.384     0.00     0.00     0.00     0.00     0.00 -1    -1e-30      0.00 6.874e-01 2.972e-01 1.935e-03 1.609e-03 6.719e-03 -1.000 1.541e-02 0.403 0.572 1.134 1.173 -0.140
0.0152 0.01508 9.53908 1.4091577530 2.5308427811    1.386  1.746  3.6754  2.488    4  0.000  0.384     0.00     0.00     0.00     0.00     0.00 -1    -1e-30      0.00 6.874e-01 2.972e-01 1.935e-03 1.609e-03 6.719e-03 -1.000 1.541e-02 0.406 0.574 1.135 1.174 -0.137
0.0152 0.01508 9.53908 1.4095917940 2.5308840275    1.387  1.745  3.6757  2.490    4  0.000  0.384     0.00     0.00     0.00     0.00     0.00 -1    -1e-30      0.00 6.873e-01 2.972e-01 1.934e-03 1.610e-03 6.719e-03 -1.000 1.541e-02 0.409 0.575 1.135 1.174 -0.135
0.0152 0.01508 9.53908 1.4100463390 2.5309271812    1.387  1.744  3.6760  2.492    4  0.000  0.384     0.00     0.00     0.00     0.00     0.00 -1    -1e-30      0.00 6.873e-01 2.972e-01 1.934e-03 1.611e-03 6.719e-03 -1.000 1.541e-02 0.410 0.576 1.135 1.174 -0.134
0.0152 0.01508 9.53908 1.4104729891 2.5309677124    1.388  1.743  3.6762  2.494    4  0.000  0.384     0.00     0.00     0.00     0.00     0.00 -1    -1e-30      0.00 6.873e-01 2.973e-01 1.933e-03 1.611e-03 6.718e-03 -1.000 1.541e-02 0.411 0.576 1.135 1.174 -0.133
0.0152 0.01508 9.53908 1.4109351635 2.5310115814    1.388  1.743  3.6765  2.495    4  0.000  0.383     0.00     0.00     0.00     0.00     0.00 -1    -1e-30      0.00 6.873e-01 2.973e-01 1.933e-03 1.612e-03 6.718e-03 -1.000 1.541e-02 0.412 0.576 1.134 1.173 -0.132
0.0152 0.01508 9.53908 1.4113789797 2.5310535431    1.389  1.743  3.6767  2.496    4  0.000  0.383     0.00     0.00     0.00     0.00     0.00 -1    -1e-30      0.00 6.873e-01 2.973e-01 1.932e-03 1.613e-03 6.718e-03 -1.000 1.541e-02 0.412 0.576 1.133 1.172 -0.132
0.0152 0.01508 9.53908 1.4117797613 2.5310914516    1.389  1.743  3.6769  2.497    4  0.000  0.383     0.00     0.00     0.00     0.00     0.00 -1    -1e-30      0.00 6.873e-01 2.973e-01 1.932e-03 1.613e-03 6.718e-03 -1.000 1.541e-02 0.413 0.575 1.132 1.171 -0.132
0.0152 0.01508 9.53908 1.4118287563 2.5310962200    1.389  1.743  3.6769  2.497    4  0.000  0.383     0.00     0.00     0.00     0.00     0.00 -1    -1e-30      0.00 6.873e-01 2.973e-01 1.932e-03 1.613e-03 6.718e-03 -1.000 1.541e-02 0.412 0.575 1.132 1.171 -0.132
0.0152 0.01508 9.53908 1.4122751951 2.5311384201    1.390  1.743  3.6771  2.498    4  0.000  0.383     0.00     0.00     0.00     0.00     0.00 -1    -1e-30      0.00 6.873e-01 2.973e-01 1.931e-03 1.614e-03 6.718e-03 -1.000 1.541e-02 0.412 0.574 1.130 1.169 -0.133
0.0152 0.01508 9.53908 1.4127190113 2.5311803818    1.390  1.743  3.6772  2.499    4  0.000  0.383     0.00     0.00     0.00     0.00     0.00 -1    -1e-30      0.00 6.873e-01 2.973e-01 1.931e-03 1.614e-03 6.718e-03 -1.000 1.541e-02 0.412 0.573 1.128 1.168 -0.134
0.0152 0.01508 9.53908 1.4131488800 2.5312211514    1.391  1.744  3.6773  2.499    4  0.000  0.383     0.00     0.00     0.00     0.00     0.00 -1    -1e-30      0.00 6.873e-01 2.973e-01 1.930e-03 1.615e-03 6.718e-03 -1.000 1.541e-02 0.410 0.571 1.126 1.166 -0.135
0.0152 0.01508 9.53908 1.4136068821 2.5312643051    1.391  1.745  3.6774  2.498    4  0.000  0.383     0.00     0.00     0.00     0.00     0.00 -1    -1e-30      0.00 6.873e-01 2.973e-01 1.930e-03 1.616e-03 6.718e-03 -1.000 1.541e-02 0.408 0.569 1.124 1.163 -0.137
0.0152 0.01508 9.53908 1.4140439034 2.5313055515    1.392  1.746  3.6775  2.498    4  0.000  0.383     0.00     0.00     0.00     0.00     0.00 -1    -1e-30      0.00 6.873e-01 2.973e-01 1.929e-03 1.616e-03 6.718e-03 -1.000 1.541e-02 0.406 0.567 1.121 1.160 -0.140
0.0152 0.01508 9.53908 1.4144876003 2.5313475132    1.392  1.747  3.6775  2.497    4  0.000  0.383     0.00     0.00     0.00     0.00     0.00 -1    -1e-30      0.00 6.873e-01 2.973e-01 1.929e-03 1.617e-03 6.718e-03 -1.000 1.541e-02 0.403 0.563 1.118 1.157 -0.143
0.0152 0.01508 9.53908 1.4149419069 2.5313901901    1.393  1.748  3.6775  2.495    4  0.000  0.383     0.00     0.00     0.00     0.00     0.00 -1    -1e-30      0.00 6.873e-01 2.973e-01 1.928e-03 1.618e-03 6.718e-03 -1.000 1.541e-02 0.399 0.559 1.114 1.153 -0.147
0.0152 0.01508 9.53908 1.4149837494 2.5313942432    1.393  1.749  3.6775  2.495    4  0.000  0.383     0.00     0.00     0.00     0.00     0.00 -1    -1e-30      0.00 6.873e-01 2.973e-01 1.928e-03 1.618e-03 6.718e-03 -1.000 1.541e-02 0.398 0.559 1.114 1.153 -0.147
0.0152 0.01508 9.53908 1.4150377512 2.5313992500    1.393  1.749  3.6775  2.495    4  0.000  0.383     0.00     0.00     0.00     0.00     0.00 -1    -1e-30      0.00 6.873e-01 2.973e-01 1.928e-03 1.618e-03 6.718e-03 -1.000 1.541e-02 0.398 0.558 1.113 1.152 -0.148
0.0152 0.01508 9.53908 1.4154715538 2.5314400196    1.393  1.751  3.6774  2.493    4  0.000  0.382     0.00     0.00     0.00     0.00     0.00 -1    -1e-30      0.00 6.872e-01 2.973e-01 1.928e-03 1.618e-03 6.718e-03 -1.000 1.541e-02 0.393 0.554 1.109 1.148 -0.153
0.0152 0.01508 9.53908 1.4159144163 2.5314817429    1.394  1.753  3.6773  2.490    4  0.000  0.382     0.00     0.00     0.00     0.00     0.00 -1    -1e-30      0.00 6.872e-01 2.973e-01 1.927e-03 1.619e-03 6.718e-03 -1.000 1.541e-02 0.387 0.548 1.103 1.142 -0.159
0.0152 0.01508 9.53908 1.4163662195 2.5315241814    1.394  1.756  3.6771  2.487    4  0.000  0.382     0.00     0.00     0.00     0.00     0.00 -1    -1e-30      0.00 6.872e-01 2.974e-01 1.926e-03 1.620e-03 6.718e-03 -1.000 1.541e-02 0.379 0.541 1.097 1.136 -0.166
0.0152 0.01508 9.53908 1.4168038368 2.5315654278    1.395  1.760  3.6769  2.482    4  0.000  0.382     0.00     0.00     0.00     0.00     0.00 -1    -1e-30      0.00 6.872e-01 2.974e-01 1.926e-03 1.620e-03 6.718e-03 -1.000 1.541e-02 0.370 0.533 1.090 1.129 -0.175
0.0152 0.01508 9.53908 1.4172526598 2.5316076279    1.395  1.764  3.6765  2.477    4  0.000  0.382     0.00     0.00     0.00     0.00     0.00 -1    -1e-30      0.00 6.872e-01 2.974e-01 1.925e-03 1.621e-03 6.718e-03 -1.000 1.541e-02 0.359 0.523 1.081 1.120 -0.186
0.0152 0.01508 9.53908 1.4176920652 2.5316488743    1.396  1.769  3.6761  2.470    4  0.000  0.382     0.00     0.00     0.00     0.00     0.00 -1    -1e-30      0.00 6.872e-01 2.974e-01 1.925e-03 1.621e-03 6.718e-03 -1.000 1.541e-02 0.347 0.512 1.071 1.111 -0.197
0.0152 0.01508 9.53908 1.4181250334 2.5316894054    1.396  1.774  3.6757  2.463    4  0.000  0.382     0.00     0.00     0.00     0.00     0.00 -1    -1e-30      0.00 6.872e-01 2.974e-01 1.924e-03 1.622e-03 6.718e-03 -1.000 1.541e-02 0.334 0.500 1.061 1.100 -0.210
0.0152 0.01508 9.53908 1.4185670614 2.5317308903    1.397  1.780  3.6752  2.456    4  0.000  0.382     0.00     0.00     0.00     0.00     0.00 -1    -1e-30      0.00 6.872e-01 2.974e-01 1.924e-03 1.623e-03 6.718e-03 -1.000 1.541e-02 0.319 0.487 1.049 1.088 -0.224
0.0152 0.01508 9.53908 1.4190161228 2.5317728519    1.397  1.784  3.6750  2.451    4  0.000  0.382     0.00     0.00     0.00     0.00     0.00 -1    -1e-30      0.00 6.872e-01 2.974e-01 1.923e-03 1.623e-03 6.718e-03 -1.000 1.541e-02 0.310 0.479 1.041 1.081 -0.233
0.0152 0.01508 9.53908 1.4194753170 2.5318157673    1.398  1.798  3.6738  2.433    4  0.000  0.382     0.00     0.00     0.00     0.00     0.00 -1    -1e-30      0.00 6.872e-01 2.974e-01 1.923e-03 1.624e-03 6.718e-03 -1.000 1.541e-02 0.276 0.449 1.015 1.055 -0.266
0.0152 0.01508 9.53908 1.4199210405 2.5318574905    1.398  1.826  3.6712  2.395    4  0.000  0.381     0.00     0.00     0.00     0.00     0.00 -1    -1e-30      0.00 6.872e-01 2.974e-01 1.922e-03 1.625e-03 6.718e-03 -1.000 1.541e-02 0.206 0.387 0.961 1.001 -0.335
0.0152 0.01508 9.53908 1.4202541113 2.5318884850    1.399  1.863  3.6678  2.344    4  0.000  0.381     0.00     0.00     0.00     0.00     0.00 -1    -1e-30      0.00 6.872e-01 2.974e-01 1.922e-03 1.625e-03 6.718e-03 -1.000 1.541e-02 0.113 0.307 0.892 0.932 -0.423
0.0152 0.01508 9.53908 1.4204219580 2.5319042206    1.399  1.902  3.6644  2.292    4  0.000  0.381     0.00     0.00     0.00     0.00     0.00 -1    -1e-30      0.00 6.872e-01 2.974e-01 1.922e-03 1.625e-03 6.718e-03 -1.000 1.541e-02 0.016 0.221 0.818 0.858 -0.517
0.0152 0.01508 9.53908 1.4205088615 2.5319123268    1.399  1.943  3.6608  2.237    4  0.000  0.381     0.00     0.00     0.00     0.00     0.00 -1    -1e-30      0.00 6.872e-01 2.974e-01 1.922e-03 1.625e-03 6.718e-03 -1.000 1.541e-02 -0.086 0.133 0.741 0.782 -0.614
0.0152 0.01508 9.53908 1.4205485582 2.5319161415    1.399  1.977  3.6578  2.190    4  0.000  0.381     0.00     0.00     0.00     0.00     0.00 -1    -1e-30      0.00 6.872e-01 2.974e-01 1.922e-03 1.626e-03 6.718e-03 -1.000 1.541e-02 -0.174 0.057 0.676 0.717 -0.697
0.0152 0.01508 9.53908 1.4205706120 2.5319180489    1.399  2.015  3.6546  2.139    4  0.000  0.381     0.00     0.00     0.00     0.00     0.00 -1    -1e-30      0.00 6.872e-01 2.974e-01 1.922e-03 1.626e-03 6.718e-03 -1.000 1.541e-02 -0.267 -0.023 0.606 0.648 -0.786
0.0152 0.01508 9.53908 1.4205837250 2.5319194794    1.399  2.054  3.6513  2.088    4  0.000  0.381     0.00     0.00     0.00     0.00     0.00 -1    -1e-30      0.00 6.872e-01 2.974e-01 1.922e-03 1.626e-03 6.718e-03 -1.000 1.541e-02 -0.364 -0.106 0.535 0.577 -0.877
0.0152 0.01508 9.53908 1.4205921888 2.5319201946    1.399  2.091  3.6482  2.037    4  0.000  0.381     0.00     0.00     0.00     0.00     0.00 -1    -1e-30      0.00 6.872e-01 2.974e-01 1.922e-03 1.626e-03 6.718e-03 -1.000 1.541e-02 -0.458 -0.186 0.466 0.508 -0.966
0.0152 0.01508 9.53908 1.4205932617 2.5319201946    1.399  2.096  3.6478  2.031    4  0.000  0.381     0.00     0.00     0.00     0.00     0.00 -1    -1e-30      0.00 6.872e-01 2.974e-01 1.922e-03 1.626e-03 6.718e-03 -1.000 1.541e-02 -0.470 -0.197 0.457 0.499 -0.978
0.0152 0.01508 9.53908 1.4205933809 2.5319201946    1.399  2.097  3.6477  2.030    7  0.000  0.381     0.00     0.00     0.00     0.00     0.00 -1    -1e-30      0.00 6.872e-01 2.974e-01 1.922e-03 1.626e-03 6.718e-03 -1.000 1.541e-02 -0.472 -0.198 0.456 0.498 -0.979
0.0152 0.01508 9.53908 1.4206006527 2.5319209099    1.399  2.139  3.6442  1.974    7  0.000  0.381     0.00     0.00     0.00     0.00     0.00 -1    -1e-30      0.00 6.872e-01 2.974e-01 1.922e-03 1.626e-03 6.718e-03 -1.000 1.541e-02 -0.577 -0.288 0.379 0.421 -1.077
0.0152 0.01508 9.53908 1.4206079245 2.5319216251    1.399  2.180  3.6409  1.919    7  0.000  0.381     0.00     0.00     0.00     0.00     0.00 -1    -1e-30      0.00 6.872e-01 2.974e-01 1.922e-03 1.626e-03 6.718e-03 -1.000 1.541e-02 -0.680 -0.374 0.304 0.346 -1.172
0.0152 0.01508 9.53908 1.4206266403 2.5319232941    1.399  2.213  3.6382  1.875    7  0.000  0.381     0.00     0.00     0.00     0.00     0.00 -1    -1e-30      0.00 6.872e-01 2.974e-01 1.922e-03 1.626e-03 6.718e-03 -1.000 1.541e-02 -0.763 -0.444 0.243 0.285 -1.248
0.0152 0.01508 9.53908 1.4206649065 2.5319268703    1.399  2.159  3.6426  1.948    7  0.000  0.381     0.00     0.00     0.00     0.00     0.00 -1 -1.17e-30      0.00 6.872e-01 2.973e-01 1.921e-03 1.626e-03 6.718e-03 -1.000 1.551e-02 -0.627 -0.330 0.342 0.384 -1.124
0.0152 0.01508 9.53908 1.4208085537 2.5319404602    1.399  2.152  3.6432  1.956    7  0.000  0.381     0.00     0.00     0.00     0.00     0.00 -1 -5.24e-25      0.00 6.872e-01 2.971e-01 1.921e-03 1.626e-03 6.718e-03 -1.000 1.572e-02 -0.611 -0.316 0.354 0.397 -1.108
0.0152 0.01508 9.53908 1.4211603403 2.5319731236    1.399  2.184  3.6405  1.913    7  0.000  0.381     0.00     0.00     0.00     0.00     0.00 -1 -1.46e-11      0.00 6.872e-01 2.968e-01 1.921e-03 1.626e-03 6.718e-03 -1.000 1.609e-02 -0.691 -0.384 0.296 0.338 -1.182
0.0152 0.01508 9.53908 1.4213461876 2.5319905281    1.399  2.228  3.6368  1.855    7  0.000  0.381     0.00     0.00     0.00     0.00     0.00 -1 -3.58e-10      0.00 6.871e-01 2.967e-01 1.921e-03 1.627e-03 6.718e-03 -1.000 1.611e-02 -0.801 -0.476 0.216 0.259 -1.282
0.0152 0.01508 9.53908 1.4214932919 2.5320041180    1.399  2.271  3.6333  1.797    7  0.000  0.381     0.00     0.00     0.00     0.00     0.00 -1 -4.68e-10      0.00 6.871e-01 2.967e-01 1.921e-03 1.627e-03 6.718e-03 -1.000 1.611e-02 -0.908 -0.565 0.139 0.182 -1.380
0.0152 0.01508 9.53908 1.4216160774 2.5320155621    1.398  2.314  3.6297  1.741    7  0.000  0.381     0.00     0.00     0.00     0.00     0.00 -1 -5.79e-10      0.00 6.871e-01 2.967e-01 1.920e-03 1.627e-03 6.718e-03 -1.000 1.611e-02 -1.015 -0.653 0.062 0.105 -1.476
0.0152 0.01508 9.53908 1.4216279984 2.5320167542    1.398  2.318  3.6294  1.735    7  0.000  0.381     0.00     0.00     0.00     0.00     0.00 -1 -5.91e-10      0.00 6.871e-01 2.967e-01 1.920e-03 1.627e-03 6.718e-03 -1.000 1.611e-02 -1.025 -0.662 0.054 0.097 -1.485
0.0152 0.01508 9.53908 1.4217342138 2.5320267677    1.398  2.359  3.6260  1.681    7  0.000  0.381     0.00     0.00     0.00     0.00     0.00 -1 -7.25e-10      0.00 6.871e-01 2.967e-01 1.920e-03 1.627e-03 6.718e-03 -1.000 1.611e-02 -1.127 -0.745 -0.017 0.026 -1.576
0.0152 0.01508 9.53908 1.4218281507 2.5320353508    1.398  2.400  3.6226  1.626    7  0.000  0.381     0.00     0.00     0.00     0.00     0.00 -1  -8.9e-10      0.00 6.871e-01 2.967e-01 1.920e-03 1.627e-03 6.718e-03 -1.000 1.611e-02 -1.230 -0.829 -0.090 -0.047 -1.668
0.0152 0.01508 9.53908 1.4219101667 2.5320429802    1.397  2.441  3.6192  1.571    7  0.000  0.381     0.00     0.00     0.00     0.00     0.00 -1 -1.09e-09      0.00 6.871e-01 2.967e-01 1.920e-03 1.627e-03 6.718e-03 -1.000 1.611e-02 -1.332 -0.912 -0.162 -0.119 -1.758
0.0152 0.01508 9.53908 1.4219831228 2.5320498943    1.397  2.482  3.6157  1.516    7  0.000  0.381     0.00     0.00     0.00     0.00     0.00 -1 -1.34e-09      0.00 6.871e-01 2.967e-01 1.920e-03 1.627e-03 6.718e-03 -1.000 1.611e-02 -1.434 -0.992 -0.231 -0.188 -1.847
0.0152 0.01508 9.53908 1.4220495224 2.5320560932    1.396  2.522  3.6123  1.462    7  0.000  0.381     0.00     0.00     0.00     0.00     0.00 -1 -1.62e-09      0.00 6.871e-01 2.967e-01 1.920e-03 1.627e-03 6.718e-03 -1.000 1.611e-02 -1.535 -1.073 -0.298 -0.255 -1.936
0.0152 0.01508 9.53908 1.4221106768 2.5320618153    1.395  2.562  3.6088  1.407    7  0.000  0.381     0.00     0.00     0.00     0.00     0.00 -1 -1.98e-09      0.00 6.871e-01 2.968e-01 1.920e-03 1.627e-03 6.718e-03 -1.000 1.609e-02 -1.636 -1.151 -0.359 -0.316 -2.025
0.0152 0.01508 9.53908 1.4221684933 2.5320670605    1.395  2.603  3.6025  1.341    7  0.000  0.381     0.00     0.00     0.00     0.00     0.00 -1  -2.4e-09      0.00 6.871e-01 2.968e-01 1.920e-03 1.628e-03 6.718e-03 -1.000 1.607e-02 -1.738 -1.209 -0.386 -0.343 -2.103
0.0152 0.01508 9.53908 1.4222085476 2.5320708752    1.394  2.633  3.5990  1.297    7  0.000  0.381     0.00     0.00     0.00     0.00     0.00 -1 -2.79e-09      0.00 6.871e-01 2.968e-01 1.919e-03 1.628e-03 6.718e-03 -1.000 1.607e-02 -1.814 -1.260 -0.419 -0.376 -2.165
0.0152 0.01508 9.53908 1.4222589731 2.5320756435    1.393  2.674  3.5956  1.243    7  0.000  0.380     0.00     0.00     0.00     0.00     0.00 -1 -3.37e-09      0.00 6.871e-01 2.968e-01 1.917e-03 1.629e-03 6.718e-03 -1.000 1.607e-02 -1.914 -1.333 -0.471 -0.429 -2.251
0.0152 0.01508 9.53908 1.4223054647 2.5320799351    1.392  2.713  3.5921  1.189    7  0.000  0.380     0.00     0.00     0.00     0.00     0.00 -1 -4.07e-09      0.00 6.872e-01 2.968e-01 1.914e-03 1.632e-03 6.718e-03 -1.000 1.607e-02 -2.012 -1.404 -0.520 -0.478 -2.334
0.0152 0.01508 9.53908 1.4223526716 2.5320842266    1.391  2.753  3.5884  1.134    7  0.000  0.379     0.00     0.00     0.00     0.00     0.00 -1 -4.92e-09      0.00 6.872e-01 2.968e-01 1.910e-03 1.637e-03 6.718e-03 -1.000 1.607e-02 -2.113 -1.473 -0.566 -0.524 -2.417
0.0152 0.01508 9.53908 1.4223991632 2.5320885181    1.389  2.793  3.5847  1.078    7  0.000  0.378     0.00     0.00     0.00     0.00     0.00 -1 -5.94e-09      0.00 6.872e-01 2.968e-01 1.906e-03 1.642e-03 6.718e-03 -1.000 1.607e-02 -2.214 -1.539 -0.605 -0.563 -2.498
0.0152 0.01508 9.53908 1.4224411249 2.5320925713    1.388  2.835  3.5807  1.020    7  0.000  0.377     0.00     0.00     0.00     0.00     0.00 -1 -7.25e-09      0.00 6.872e-01 2.968e-01 1.903e-03 1.646e-03 6.718e-03 -1.000 1.607e-02 -2.317 -1.607 -0.644 -0.603 -2.582
0.0152 0.01508 9.53908 1.4224711657 2.5320951939    1.386  2.875  3.5769  0.964    7  0.000  0.377     0.00     0.00     0.00     0.00     0.00 -1 -8.75e-09      0.00 6.872e-01 2.968e-01 1.900e-03 1.650e-03 6.718e-03 -1.000 1.607e-02 -2.417 -1.665 -0.665 -0.624 -2.659
0.0152 0.01508 9.53908 1.4224904776 2.5320971012    1.385  2.911  3.5733  0.914    7  0.000  0.376     0.00     0.00     0.00     0.00     0.00 -1 -1.03e-08      0.00 6.872e-01 2.968e-01 1.897e-03 1.653e-03 6.718e-03 -1.000 1.607e-02 -2.507 -1.715 -0.678 -0.638 -2.726
0.0152 0.01508 9.53908 1.4225064516 2.5320985317    1.384  2.948  3.5695  0.861    7  0.000  0.376     0.00     0.00     0.00     0.00     0.00 -1 -1.22e-08      0.00 6.872e-01 2.968e-01 1.895e-03 1.656e-03 6.718e-03 -1.000 1.607e-02 -2.599 -1.763 -0.687 -0.647 -2.794
0.0152 0.01508 9.53908 1.4225208759 2.5320999622    1.383  2.985  3.5656  0.808    7  0.000  0.376     0.00     0.00     0.00     0.00     0.00 -1 -1.45e-08      0.00 6.872e-01 2.968e-01 1.893e-03 1.658e-03 6.718e-03 -1.000 1.607e-02 -2.693 -1.804 -0.675 -0.636 -2.857
0.0152 0.01508 9.53908 1.4225345850 2.5321011543    1.381  3.024  3.5614  0.752    7  0.000  0.375     0.00     0.00     0.00     0.00     0.00 -1 -1.72e-08      0.00 6.872e-01 2.968e-01 1.891e-03 1.660e-03 6.718e-03 -1.000 1.607e-02 -2.789 -1.845 -0.660 -0.622 -2.921
0.0152 0.01508 9.53908 1.4225460291 2.5321023464    1.380  3.058  3.5576  0.703    7  0.000  0.375     0.00     0.00     0.00     0.00     0.00 -1 -1.99e-08      0.00 6.872e-01 2.968e-01 1.890e-03 1.661e-03 6.718e-03 -1.000 1.607e-02 -2.874 -1.874 -0.629 -0.591 -2.974
0.0152 0.01508 9.53908 1.4225589037 2.5321035385    1.378  3.098  3.5531  0.644    7  0.000  0.375     0.00     0.00     0.00     0.00     0.00 -1 -2.37e-08      0.00 6.872e-01 2.968e-01 1.890e-03 1.663e-03 6.718e-03 -1.000 1.607e-02 -2.974 -1.904 -0.580 -0.542 -3.031
0.0152 0.01508 9.53908 1.4225718975 2.5321047306    1.376  3.137  3.5485  0.586    7  0.000  0.375     0.00     0.00     0.00     0.00     0.00 -1 -2.82e-08      0.00 6.872e-01 2.968e-01 1.889e-03 1.663e-03 6.718e-03 -1.000 1.607e-02 -3.073 -1.926 -0.516 -0.480 -3.083
0.0152 0.01508 9.53908 1.4225862026 2.5321059227    1.373  3.176  3.5438  0.527    7  0.000  0.375     0.00     0.00     0.00     0.00     0.00 -1 -3.36e-08      0.00 6.872e-01 2.968e-01 1.889e-03 1.663e-03 6.718e-03 -1.000 1.607e-02 -3.171 -1.937 -0.426 -0.391 -3.125
0.0152 0.01508 9.53908 1.4226019382 2.5321075916    1.369  3.214  3.5392  0.469    7  0.000  0.375     0.00     0.00     0.00     0.00     0.00 -1 -3.99e-08      0.00 6.872e-01 2.968e-01 1.889e-03 1.663e-03 6.718e-03 -1.000 1.607e-02 -3.266 -1.945 -0.329 -0.295 -3.163
0.0152 0.01508 9.53908 1.4226167202 2.5321087837    1.365  3.250  3.5347  0.414    7  0.000  0.375     0.00     0.00     0.00     0.00     0.00 -1 -4.68e-08      0.00 6.872e-01 2.968e-01 1.889e-03 1.663e-03 6.718e-03 -1.000 1.607e-02 -3.355 -1.937 -0.203 -0.171 -3.185
0.0152 0.01508 9.53908 1.4226204157 2.5321092606    1.364  3.259  3.5335  0.400    7  0.000  0.375     0.00     0.00     0.00     0.00     0.00 -1 -4.87e-08      0.00 6.872e-01 2.968e-01 1.889e-03 1.663e-03 6.718e-03 -1.000 1.607e-02 -3.378 -1.934 -0.171 -0.139 -3.190
0.0152 0.01508 9.53908 1.4226238728 2.5321094990    1.363  3.250  3.5347  0.413    7  0.000  0.375     0.00     0.00     0.00     0.00     0.00 -1 -4.72e-08      0.00 6.872e-01 2.968e-01 1.889e-03 1.663e-03 6.718e-03 -1.000 1.607e-02 -3.355 -1.936 -0.202 -0.170 -3.184
0.0152 0.01508 9.53908 1.4226244688 2.5321094990    1.363  3.236  3.5364  0.434    7  0.000  0.375     0.00     0.00     0.00     0.00     0.00 -1 -4.43e-08      0.00 6.872e-01 2.968e-01 1.889e-03 1.663e-03 6.718e-03 -1.000 1.607e-02 -3.319 -1.938 -0.249 -0.216 -3.175
0.0152 0.01508 9.53908 1.4226245880 2.5321094990    1.363  3.220  3.5383  0.457    7  0.000  0.375     0.00     0.00     0.00     0.00     0.00 -1 -4.16e-08      0.00 6.872e-01 2.968e-01 1.889e-03 1.663e-03 6.718e-03 -1.000 1.607e-02 -3.281 -1.939 -0.298 -0.265 -3.164
0.0152 0.01508 9.53908 1.4226247072 2.5321094990    1.363  3.218  3.5385  0.460    7  0.000  0.375     0.00     0.00     0.00     0.00     0.00 -1 -4.13e-08      0.00 6.872e-01 2.968e-01 1.889e-03 1.663e-03 6.718e-03 -1.000 1.607e-02 -3.276 -1.940 -0.305 -0.272 -3.163
0.0152 0.01508 9.53908 1.4226248264 2.5321094990    1.363  3.213  3.5392  0.469    7  0.000  0.375     0.00     0.00     0.00     0.00     0.00 -1 -4.04e-08      0.00 6.872e-01 2.968e-01 1.889e-03 1.663e-03 6.718e-03 -1.000 1.607e-02 -3.261 -1.941 -0.325 -0.291 -3.159
0.0152 0.01508 9.53908 1.4226249456 2.5321097374    1.363  3.213  3.5392  0.468    7  0.000  0.375     0.00     0.00     0.00     0.00     0.00 -1 -4.04e-08      0.00 6.872e-01 2.968e-01 1.889e-03 1.663e-03 6.718e-03 -1.000 1.607e-02 -3.263 -1.941 -0.323 -0.290 -3.159
0.0152 0.01508 9.53908 1.4226262569 2.5321097374    1.362  3.253  3.5343  0.409    7  0.000  0.375     0.00     0.00     0.00     0.00     0.00 -1 -4.75e-08      0.00 6.872e-01 2.968e-01 1.889e-03 1.663e-03 6.718e-03 -1.000 1.607e-02 -3.362 -1.935 -0.190 -0.158 -3.186
0.0152 0.01508 9.53908 1.4226269722 2.5321097374    1.362  3.267  3.5325  0.387    7  0.000  0.375     0.00     0.00     0.00     0.00     0.00 -1 -5.04e-08      0.00 6.872e-01 2.968e-01 1.889e-03 1.663e-03 6.718e-03 -1.000 1.607e-02 -3.397 -1.931 -0.140 -0.108 -3.194
0.0152 0.01508 9.53908 1.4226276875 2.5321099758    1.362  3.281  3.5306  0.365    7  0.000  0.375     0.00     0.00     0.00     0.00     0.00 -1 -5.37e-08      0.00 6.872e-01 2.968e-01 1.889e-03 1.663e-03 6.718e-03 -1.000 1.607e-02 -3.433 -1.927 -0.088 -0.057 -3.202
0.0152 0.01508 9.53908 1.4226286411 2.5321099758    1.361  3.300  3.5281  0.336    7  0.000  0.375     0.00     0.00     0.00     0.00     0.00 -1 -5.84e-08      0.00 6.872e-01 2.968e-01 1.889e-03 1.663e-03 6.718e-03 -1.000 1.607e-02 -3.481 -1.913 -0.005 0.025 -3.204
0.0152 0.01508 9.53908 1.4226297140 2.5321099758    1.361  3.330  3.5243  0.291    7  0.000  0.375     0.00     0.00     0.00     0.00     0.00 -1 -6.64e-08      0.00 6.872e-01 2.968e-01 1.889e-03 1.663e-03 6.718e-03 -1.000 1.607e-02 -3.555 -1.887 0.133 0.160 -3.201
0.0152 0.01508 9.53908 1.4226310253 2.5321102142    1.360  3.360  3.5202  0.244    7  0.528  0.375     0.00     0.00     0.00     0.00     0.00 -1 -7.56e-08      0.00 6.872e-01 2.968e-01 1.889e-03 1.663e-03 6.718e-03 -1.000 1.607e-02 -3.631 -1.858 0.281 0.306 -3.196
0.0152 0.01508 9.53908 1.4226330519 2.5321104527    1.359  3.396  3.5155  0.189    7  0.528  0.375     0.00     0.00     0.00     0.00     0.00 -1 -8.73e-08      0.00 6.872e-01 2.968e-01 1.889e-03 1.663e-03 6.718e-03 -1.000 1.607e-02 -3.719 -1.793 0.502 0.523 -3.159
0.0152 0.01508 9.53908 1.4226353168 2.5321106911    1.358  3.424  3.5116  0.145    7  0.528  0.375     0.00     0.00     0.00     0.00     0.00 -1  -9.8e-08      0.00 6.872e-01 2.968e-01 1.889e-03 1.663e-03 6.718e-03 -1.000 1.607e-02 -3.791 -1.738 0.685 0.704 -3.126
0.0152 0.01508 9.53908 1.4226354361 2.5321106911    1.358  3.424  3.5116  0.145    8  0.528  0.395   131.81    70.89    45.41    35.73    29.21  2 -9.85e-08      0.00 6.872e-01 2.975e-01 1.994e-03 1.665e-03 6.735e-03 -1.000 1.540e-02 -3.791 -1.738 0.685 0.704 -3.126
0.0152 0.01508 9.53908 1.4226356745 2.5321106911    1.358  3.173  3.5435  0.524    8  0.528  0.395    57.40    35.70    23.59    18.38    14.99  2 -3.44e-08      0.00 6.872e-01 2.975e-01 1.994e-03 1.665e-03 6.735e-03 -1.000 1.540e-02 -3.161 -1.921 -0.402 -0.367 -3.111
0.0152 0.01508 9.53908 1.4226359129 2.5321106911    1.358  3.081  3.5548  0.661    8  0.528  0.395    43.11    27.87    18.62    14.45    11.78  2 -2.32e-08      0.00 6.872e-01 2.975e-01 1.994e-03 1.665e-03 6.735e-03 -1.000 1.540e-02 -2.932 -1.887 -0.592 -0.555 -3.005
0.0152 0.01508 9.53908 1.4226365089 2.5321106911    1.357  2.886  3.5788  0.951    8  0.529  0.395    24.06    16.49    11.28     8.69     7.07  3 -9.84e-09      0.00 6.872e-01 2.975e-01 1.994e-03 1.665e-03 6.735e-03 -1.000 1.540e-02 -2.446 -1.715 -0.733 -0.691 -2.699
0.0152 0.01508 9.53908 1.4226373434 2.5321106911    1.357  2.902  3.5766  0.927    8  0.529  0.395    25.25    17.24    11.77     9.07     7.39  3 -1.06e-08      0.00 6.872e-01 2.975e-01 1.994e-03 1.665e-03 6.735e-03 -1.000 1.540e-02 -2.486 -1.731 -0.726 -0.686 -2.726
0.0152 0.01508 9.53908 1.4226384163 2.5321109295    1.356  3.015  3.5623  0.756    8  0.529  0.395    35.48    23.46    15.79    12.23     9.97  3 -1.75e-08      0.00 6.872e-01 2.975e-01 1.994e-03 1.665e-03 6.735e-03 -1.000 1.540e-02 -2.769 -1.837 -0.664 -0.626 -2.908
0.0152 0.01508 9.53908 1.4226398468 2.5321109295    1.355  3.174  3.5424  0.518    8  0.529  0.395    58.17    36.11    23.84    18.58    15.16  2 -3.48e-08      0.00 6.872e-01 2.975e-01 1.994e-03 1.665e-03 6.735e-03 -1.000 1.540e-02 -3.165 -1.905 -0.364 -0.329 -3.102
0.0152 0.01508 9.53908 1.4226416349 2.5321111679    1.354  3.312  3.5250  0.310    8  0.529  0.395    91.09    52.56    34.12    26.74    21.84  2 -6.22e-08      0.00 6.872e-01 2.975e-01 1.994e-03 1.665e-03 6.735e-03 -1.000 1.540e-02 -3.510 -1.861 0.136 0.163 -3.170
0.0152 0.01508 9.53908 1.4226436615 2.5321114063    1.353  3.403  3.5132  0.171    8  0.530  0.395   124.18    67.57    43.37    34.11    27.88  2 -9.11e-08      0.00 6.872e-01 2.975e-01 1.994e-03 1.665e-03 6.735e-03 -1.000 1.540e-02 -3.739 -1.739 0.628 0.648 -3.118
0.0152 0.01508 9.53908 1.4226459265 2.5321116447    1.351  3.453  3.5066  0.094    8  0.530  0.395   147.78    77.59    49.49    39.01    31.89  2 -1.12e-07      0.00 6.872e-01 2.975e-01 1.994e-03 1.665e-03 6.735e-03 -1.000 1.540e-02 -3.863 -1.658 0.903 0.917 -3.071
0.0152 0.01508 9.53908 1.4226485491 2.5321118832    1.350  3.478  3.5030  0.055    8  0.530  0.395   161.76    83.30    52.97    41.79    34.17  1 -1.24e-07      0.00 6.872e-01 2.975e-01 1.994e-03 1.665e-03 6.735e-03 -1.000 1.540e-02 -3.924 -1.609 1.047 1.058 -3.038
0.0152 0.01508 9.53908 1.4226514101 2.5321121216    1.348  3.493  3.5013  0.031    8  0.531  0.395   170.56    86.82    55.10    43.51    35.57  1 -1.33e-07      0.00 6.872e-01 2.975e-01 1.994e-03 1.665e-03 6.735e-03 -1.000 1.540e-02 -3.964 -1.593 1.111 1.122 -3.030
0.0152 0.01508 9.53908 1.4226515293 2.5321121216    1.348  3.311  3.5230  0.301    8  0.531  0.395    92.78    53.34    34.60    27.13    22.15  2 -6.25e-08      0.00 6.872e-01 2.975e-01 1.994e-03 1.665e-03 6.735e-03 -1.000 1.540e-02 -3.507 -1.809 0.242 0.269 -3.130
0.0152 0.01508 9.53908 1.4226518869 2.5321121216    1.348  3.156  3.5422  0.532    8  0.531  0.395    56.34    35.13    23.22    18.09    14.76  2 -3.26e-08      0.00 6.872e-01 2.975e-01 1.994e-03 1.665e-03 6.735e-03 -1.000 1.540e-02 -3.121 -1.857 -0.311 -0.277 -3.055
0.0152 0.01508 9.53908 1.4226524830 2.5321121216    1.347  2.961  3.5664  0.824    8  0.531  0.395    30.88    20.71    14.02    10.84     8.83  3  -1.4e-08      0.00 6.872e-01 2.974e-01 1.994e-03 1.665e-03 6.735e-03 -1.000 1.540e-02 -2.632 -1.754 -0.636 -0.597 -2.802
0.0152 0.01508 9.53908 1.4226533175 2.5321123600    1.347  2.975  3.5646  0.803    8  0.531  0.395    32.25    21.53    14.55    11.26     9.17  3 -1.49e-08      0.00 6.872e-01 2.974e-01 1.994e-03 1.665e-03 6.735e-03 -1.000 1.540e-02 -2.668 -1.765 -0.624 -0.584 -2.824
0.0152 0.01508 9.53908 1.4226543903 2.5321123600    1.346  3.084  3.5509  0.638    8  0.531  0.395    45.09    28.98    19.32    15.01    12.24  2 -2.41e-08      0.00 6.872e-01 2.974e-01 1.994e-03 1.665e-03 6.735e-03 -1.000 1.540e-02 -2.941 -1.836 -0.474 -0.437 -2.977
0.0152 0.01508 9.53908 1.4226558208 2.5321125984    1.345  3.238  3.5318  0.408    8  0.531  0.395    73.42    43.94    28.75    22.48    18.35  2 -4.64e-08      0.00 6.872e-01 2.974e-01 1.994e-03 1.665e-03 6.735e-03 -1.000 1.540e-02 -3.325 -1.844 -0.040 -0.009 -3.111
0.0152 0.01508 9.53908 1.4226576090 2.5321125984    1.344  3.370  3.5152  0.209    8  0.532  0.395   113.75    62.94    40.52    31.85    26.02  2 -8.06e-08      0.00 6.872e-01 2.974e-01 1.994e-03 1.665e-03 6.735e-03 -1.000 1.540e-02 -3.656 -1.722 0.575 0.596 -3.089
0.0152 0.01508 9.53908 1.4226596355 2.5321128368    1.342  3.456  3.5043  0.079    8  0.532  0.395   152.79    79.62    50.72    40.00    32.70  1 -1.15e-07      0.00 6.872e-01 2.974e-01 1.994e-03 1.665e-03 6.735e-03 -1.000 1.540e-02 -3.871 -1.599 1.018 1.031 -3.022
0.0152 0.01508 9.53908 1.4226619005 2.5321130753    1.341  3.501  3.4986  0.011    8  0.532  0.395   178.55    89.93    56.98    45.02    36.81  1 -1.38e-07      0.00 6.872e-01 2.974e-01 1.994e-03 1.665e-03 6.735e-03 -1.000 1.540e-02 -3.981 -1.528 1.237 1.245 -2.977
0.0152 0.01508 9.53908 1.4226645231 2.5321133137    1.339  3.520  3.4960 -0.019    8  0.533  0.395   191.38    94.90    59.98    47.43    38.79  1  -1.5e-07      0.00 6.872e-01 2.974e-01 1.994e-03 1.665e-03 6.735e-03 -1.000 1.540e-02 -4.029 -1.498 1.321 1.327 -2.956
0.0152 0.01508 9.53908 1.4226673841 2.5321135521    1.337  3.529  3.4955 -0.031    8  0.533  0.395   196.95    97.02    61.25    48.46    39.63  1 -1.57e-07      0.00 6.872e-01 2.974e-01 1.994e-03 1.665e-03 6.735e-03 -1.000 1.540e-02 -4.053 -1.505 1.328 1.334 -2.965
0.0152 0.01508 9.53908 1.4226675034 2.5321135521    1.337  3.355  3.5164  0.227    8  0.533  0.395   109.12    60.84    39.22    30.82    25.17  2 -7.67e-08      0.00 6.872e-01 2.974e-01 1.994e-03 1.665e-03 6.735e-03 -1.000 1.540e-02 -3.617 -1.723 0.533 0.555 -3.083
0.0152 0.01508 9.53908 1.4226678610 2.5321135521    1.336  3.201  3.5356  0.457    8  0.534  0.395    65.93    40.13    26.36    20.58    16.80  2 -4.05e-08      0.00 6.872e-01 2.974e-01 1.994e-03 1.665e-03 6.735e-03 -1.000 1.540e-02 -3.233 -1.835 -0.130 -0.097 -3.076
0.0152 0.01508 9.53908 1.4226685762 2.5321137905    1.336  3.006  3.5600  0.750    8  0.534  0.395    35.80    23.64    15.90    12.32    10.04  3 -1.75e-08      0.00 6.872e-01 2.974e-01 1.994e-03 1.665e-03 6.735e-03 -1.000 1.540e-02 -2.745 -1.783 -0.580 -0.542 -2.867
0.0152 0.01508 9.53908 1.4226695299 2.5321137905    1.335  3.020  3.5582  0.728    8  0.534  0.395    37.41    24.59    16.51    12.80    10.43  3 -1.87e-08      0.00 6.872e-01 2.974e-01 1.994e-03 1.665e-03 6.735e-03 -1.000 1.540e-02 -2.781 -1.789 -0.555 -0.517 -2.885
0.0152 0.01508 9.53908 1.4226707220 2.5321137905    1.334  3.128  3.5446  0.565    8  0.534  0.395    52.37    32.98    21.85    17.02    13.88  2 -2.98e-08      0.00 6.872e-01 2.974e-01 1.994e-03 1.665e-03 6.735e-03 -1.000 1.540e-02 -3.050 -1.830 -0.337 -0.302 -3.013
0.0152 0.01508 9.53908 1.4226722717 2.5321140289    1.333  3.279  3.5255  0.338    8  0.534  0.395    85.26    49.72    32.35    25.34    20.69  2 -5.64e-08      0.00 6.872e-01 2.974e-01 1.994e-03 1.665e-03 6.735e-03 -1.000 1.540e-02 -3.427 -1.792 0.185 0.213 -3.098
0.0152 0.01508 9.53908 1.4226741791 2.5321142673    1.331  3.408  3.5090  0.142    8  0.535  0.395   132.02    70.87    45.38    35.74    29.20  2 -9.67e-08      0.00 6.872e-01 2.974e-01 1.994e-03 1.665e-03 6.735e-03 -1.000 1.540e-02 -3.751 -1.619 0.876 0.892 -3.020
0.0152 0.01508 9.53908 1.4226764441 2.5321145058    1.329  3.493  3.4982  0.014    8  0.535  0.395   177.22    89.35    56.61    44.74    36.58  1 -1.37e-07      0.00 6.872e-01 2.974e-01 1.994e-03 1.665e-03 6.735e-03 -1.000 1.540e-02 -3.962 -1.496 1.276 1.284 -2.946
0.0152 0.01508 9.53908 1.4226789474 2.5321147442    1.327  3.536  3.4925 -0.053    8  0.536  0.395   206.99   100.75    63.49    50.27    41.11  1 -1.64e-07      0.00 6.872e-01 2.974e-01 1.994e-03 1.665e-03 6.735e-03 -1.000 1.540e-02 -4.069 -1.434 1.457 1.461 -2.904
0.0152 0.01508 9.53908 1.4226818085 2.5321149826    1.325  3.554  3.4899 -0.083    8  0.536  0.395   221.84   106.23    66.78    52.92    43.28  1 -1.77e-07      0.00 6.872e-01 2.974e-01 1.994e-03 1.665e-03 6.735e-03 -1.000 1.540e-02 -4.115 -1.403 1.540 1.542 -2.882
0.0152 0.01508 9.53908 1.4226850271 2.5321152210    1.322  3.563  3.4896 -0.094    8  0.537  0.395   227.73   108.36    68.06    53.95    44.13  1 -1.86e-07      0.00 6.872e-01 2.974e-01 1.994e-03 1.665e-03 6.735e-03 -1.000 1.540e-02 -4.139 -1.418 1.530 1.532 -2.898
0.0152 0.01508 9.53908 1.4226851463 2.5321152210    1.322  3.399  3.5094  0.150    8  0.537  0.395   129.57    69.79    44.71    35.21    28.77  2 -9.49e-08      0.00 6.872e-01 2.974e-01 1.994e-03 1.665e-03 6.735e-03 -1.000 1.540e-02 -3.728 -1.607 0.877 0.894 -3.006
0.0152 0.01508 9.53908 1.4226855040 2.5321152210    1.322  3.247  3.5288  0.379    8  0.537  0.395    77.84    46.08    30.08    23.55    19.22  2 -5.07e-08      0.00 6.872e-01 2.974e-01 1.994e-03 1.665e-03 6.735e-03 -1.000 1.540e-02 -3.348 -1.797 0.087 0.117 -3.083
0.0152 0.01508 9.53908 1.4226862192 2.5321152210    1.321  3.052  3.5536  0.673    8  0.537  0.395    41.77    27.09    18.11    14.06    11.47  2 -2.22e-08      0.00 6.872e-01 2.974e-01 1.994e-03 1.665e-03 6.735e-03 -1.000 1.540e-02 -2.861 -1.798 -0.483 -0.446 -2.922
0.0152 0.01508 9.53908 1.4226871729 2.5321154594    1.320  3.066  3.5518  0.651    8  0.538  0.395    43.66    28.16    18.79    14.60    11.90  2 -2.36e-08      0.00 6.872e-01 2.974e-01 1.994e-03 1.665e-03 6.735e-03 -1.000 1.540e-02 -2.896 -1.804 -0.457 -0.420 -2.940
0.0152 0.01508 9.53908 1.4226884842 2.5321154594    1.319  3.172  3.5382  0.491    8  0.538  0.395    61.07    37.58    24.76    19.32    15.76  2 -3.71e-08      0.00 6.872e-01 2.974e-01 1.994e-03 1.665e-03 6.735e-03 -1.000 1.540e-02 -3.159 -1.816 -0.179 -0.146 -3.041
0.0152 0.01508 9.53908 1.4226900339 2.5321156979    1.317  3.318  3.5193  0.269    8  0.538  0.395    99.14    56.22    36.37    28.56    23.32  2 -6.87e-08      0.00 6.872e-01 2.974e-01 1.994e-03 1.665e-03 6.735e-03 -1.000 1.540e-02 -3.525 -1.724 0.437 0.461 -3.068
0.0152 0.01508 9.53908 1.4226920605 2.5321159363    1.315  3.444  3.5029  0.076    8  0.539  0.395   152.95    79.55    50.66    39.98    32.68  1 -1.16e-07      0.00 6.872e-01 2.974e-01 1.994e-03 1.665e-03 6.735e-03 -1.000 1.540e-02 -3.840 -1.526 1.126 1.137 -2.955
0.0152 0.01508 9.53908 1.4226943254 2.5321161747    1.313  3.526  3.4921 -0.049    8  0.539  0.395   204.56    99.74    62.87    49.79    40.72  1 -1.62e-07      0.00 6.872e-01 2.974e-01 1.994e-03 1.665e-03 6.735e-03 -1.000 1.540e-02 -4.044 -1.401 1.494 1.498 -2.872
0.0152 0.01508 9.53908 1.4226969481 2.5321164131    1.310  3.567  3.4865 -0.114    8  0.540  0.395   238.13   112.03    70.24    55.73    45.58  1 -1.92e-07      0.00 6.872e-01 2.974e-01 1.994e-03 1.665e-03 6.735e-03 -1.000 1.540e-02 -4.148 -1.369 1.595 1.596 -2.854
0.0152 0.01508 9.53908 1.4226998091 2.5321166515    1.307  3.584  3.4841 -0.142    8  0.541  0.395   254.46   117.79    73.68    58.51    47.86  1 -2.07e-07      0.00 6.872e-01 2.974e-01 1.994e-03 1.665e-03 6.735e-03 -1.000 1.540e-02 -4.191 -1.361 1.620 1.621 -2.850
0.0152 0.01508 9.53908 1.4227031469 2.5321168900    1.304  3.592  3.4841 -0.151    8  0.542  0.395   259.85   119.65    74.79    59.40    48.60  1 -2.16e-07      0.00 6.872e-01 2.974e-01 1.994e-03 1.665e-03 6.735e-03 -1.000 1.540e-02 -4.211 -1.380 1.604 1.605 -2.870
0.0152 0.01508 9.53908 1.4227032661 2.5321168900    1.304  3.440  3.5027  0.076    8  0.542  0.395   152.73    79.41    50.56    39.92    32.62  1 -1.16e-07      0.00 6.872e-01 2.974e-01 1.994e-03 1.665e-03 6.735e-03 -1.000 1.540e-02 -3.830 -1.509 1.147 1.158 -2.939
0.0152 0.01508 9.53908 1.4227037430 2.5321168900    1.303  3.290  3.5223  0.305    8  0.542  0.395    91.32    52.53    34.07    26.74    21.83  2  -6.3e-08      0.00 6.872e-01 2.974e-01 1.994e-03 1.665e-03 6.735e-03 -1.000 1.540e-02 -3.454 -1.736 0.335 0.361 -3.061
0.0152 0.01508 9.53908 1.4227044582 2.5321171284    1.302  3.096  3.5476  0.600    8  0.542  0.395    48.46    30.82    20.47    15.94    13.00  2 -2.79e-08      0.00 6.872e-01 2.974e-01 1.994e-03 1.665e-03 6.735e-03 -1.000 1.540e-02 -2.969 -1.805 -0.376 -0.340 -2.968
0.0152 0.01508 9.53908 1.4227055311 2.5321171284    1.301  3.109  3.5457  0.578    8  0.542  0.395    50.72    32.05    21.26    16.56    13.50  2 -2.97e-08      0.00 6.872e-01 2.974e-01 1.994e-03 1.665e-03 6.735e-03 -1.000 1.540e-02 -3.004 -1.805 -0.335 -0.300 -2.980
0.0152 0.01508 9.53908 1.4227068424 2.5321171284    1.299  3.212  3.5321  0.420    8  0.543  0.395    70.99    42.64    27.92    21.84    17.82  2 -4.61e-08      0.00 6.872e-01 2.974e-01 1.994e-03 1.665e-03 6.735e-03 -1.000 1.540e-02 -3.261 -1.787 0.009 0.040 -3.051
0.0152 0.01508 9.53908 1.4227086306 2.5321173668    1.297  3.355  3.5131  0.200    8  0.543  0.395   115.03    63.35    40.74    32.06    26.19  2 -8.36e-08      0.00 6.872e-01 2.974e-01 1.994e-03 1.665e-03 6.735e-03 -1.000 1.540e-02 -3.618 -1.616 0.748 0.767 -2.995
0.0152 0.01508 9.53908 1.4227107763 2.5321176052    1.294  3.477  3.4967  0.011    8  0.544  0.395   177.09    89.10    56.43    44.64    36.49  1 -1.38e-07      0.00 6.872e-01 2.974e-01 1.994e-03 1.665e-03 6.735e-03 -1.000 1.540e-02 -3.924 -1.419 1.377 1.384 -2.874
0.0152 0.01508 9.53908 1.4227131605 2.5321178436    1.291  3.557  3.4859 -0.112    8  0.544  0.395   236.53   111.31    69.79    55.39    45.30  1 -1.91e-07      0.00 6.872e-01 2.974e-01 1.994e-03 1.665e-03 6.735e-03 -1.000 1.540e-02 -4.122 -1.333 1.632 1.633 -2.819
0.0152 0.01508 9.53908 1.4227160215 2.5321180820    1.287  3.597  3.4803 -0.176    8  0.545  0.395   275.38   124.86    77.87    61.92    50.66  1 -2.26e-07      0.00 6.872e-01 2.974e-01 1.994e-03 1.665e-03 6.735e-03 -1.000 1.540e-02 -4.222 -1.315 1.687 1.687 -2.812
0.0152 0.01508 9.53908 1.4227192402 2.5321183205    1.283  3.614  3.4777 -0.204    8  0.546  0.395   294.66   131.33    81.72    65.03    53.21  1 -2.44e-07      0.00 6.872e-01 2.974e-01 1.994e-03 1.665e-03 6.735e-03 -1.000 1.540e-02 -4.264 -1.313 1.706 1.705 -2.814
0.0152 0.01508 9.53908 1.4227228165 2.5321187973    1.278  3.622  3.4780 -0.213    8  0.547  0.395   300.60   133.26    82.86    65.96    53.97  1 -2.56e-07      0.00 6.872e-01 2.974e-01 1.994e-03 1.665e-03 6.735e-03 -1.000 1.540e-02 -4.284 -1.335 1.687 1.686 -2.836
0.0152 0.01508 9.53908 1.4227229357 2.5321187973    1.278  3.483  3.4951 -0.006    8  0.547  0.395   183.81    91.62    57.94    45.87    37.49  1 -1.46e-07      0.00 6.872e-01 2.974e-01 1.994e-03 1.665e-03 6.735e-03 -1.000 1.540e-02 -3.937 -1.383 1.446 1.452 -2.843
0.0152 0.01508 9.53908 1.4227234125 2.5321187973    1.277  3.335  3.5150  0.222    8  0.547  0.395   109.25    60.70    39.10    30.77    25.13  2 -8.04e-08      0.00 6.872e-01 2.974e-01 1.994e-03 1.665e-03 6.735e-03 -1.000 1.540e-02 -3.566 -1.627 0.673 0.694 -2.995
0.0152 0.01508 9.53908 1.4227241278 2.5321187973    1.276  3.141  3.5410  0.519    8  0.547  0.395    57.19    35.49    23.42    18.28    14.91  2 -3.61e-08      0.00 6.872e-01 2.974e-01 1.994e-03 1.665e-03 6.735e-03 -1.000 1.540e-02 -3.084 -1.798 -0.228 -0.194 -3.004
0.0152 0.01508 9.53908 1.4227252007 2.5321190357    1.274  3.155  3.5391  0.496    8  0.548  0.395    59.94    36.93    24.33    19.01    15.50  2 -3.85e-08      0.00 6.872e-01 2.974e-01 1.994e-03 1.665e-03 6.735e-03 -1.000 1.540e-02 -3.118 -1.794 -0.178 -0.144 -3.012
0.0152 0.01508 9.53908 1.4227265120 2.5321190357    1.272  3.255  3.5254  0.341    8  0.548  0.395    83.91    48.92    31.82    24.96    20.37  2 -5.88e-08      0.00 6.872e-01 2.974e-01 1.994e-03 1.665e-03 6.735e-03 -1.000 1.540e-02 -3.368 -1.729 0.252 0.280 -3.036
0.0152 0.01508 9.53908 1.4227283001 2.5321192741    1.268  3.393  3.5064  0.126    8  0.549  0.395   135.58    72.11    46.08    36.37    29.71  1 -1.04e-07      0.00 6.872e-01 2.974e-01 1.994e-03 1.665e-03 6.735e-03 -1.000 1.540e-02 -3.713 -1.506 1.051 1.066 -2.919
0.0152 0.01508 9.53908 1.4227304459 2.5321195126    1.265  3.511  3.4899 -0.060    8  0.549  0.395   208.08   100.73    63.41    50.29    41.12  1 -1.69e-07      0.00 6.872e-01 2.974e-01 1.994e-03 1.665e-03 6.735e-03 -1.000 1.540e-02 -4.009 -1.303 1.630 1.632 -2.781
0.0152 0.01508 9.53908 1.4227328300 2.5321197510    1.260  3.588  3.4791 -0.181    8  0.550  0.395   277.40   125.30    78.10    62.15    50.84  1 -2.31e-07      0.00 6.872e-01 2.974e-01 1.994e-03 1.665e-03 6.735e-03 -1.000 1.540e-02 -4.200 -1.274 1.733 1.732 -2.773
0.0152 0.01508 9.53908 1.4227356911 2.5321199894    1.255  3.626  3.4734 -0.244    8  0.551  0.395   322.92   140.34    87.02    69.38    56.76  1 -2.86e-07      0.00 6.872e-01 2.974e-01 1.994e-03 1.665e-03 6.735e-03 -1.000 1.540e-02 -4.296 -1.275 1.769 1.767 -2.783
0.0152 0.01508 9.53908 1.4227389097 2.5321202278    1.249  3.643  3.4707 -0.273    8  0.552  0.395   346.05   147.67    91.34    72.89    59.64  1 -3.45e-07      0.00 6.872e-01 2.974e-01 1.994e-03 1.665e-03 6.735e-03 -1.000 1.540e-02 -4.337 -1.269 1.792 1.790 -2.781
0.0152 0.01508 9.53908 1.4227424860 2.5321204662    1.243  3.651  3.4710 -0.282    8  0.553  0.395   353.56   149.96    92.69    74.00    60.55  1 -3.78e-07      0.00 6.872e-01 2.974e-01 1.994e-03 1.665e-03 6.735e-03 -1.000 1.540e-02 -4.357 -1.288 1.776 1.773 -2.800
0.0152 0.01508 9.53908 1.4227426052 2.5321204662    1.243  3.526  3.4867 -0.094    8  0.553  0.395   224.98   106.77    67.01    53.23    43.52  1 -1.88e-07      0.00 6.872e-01 2.974e-01 1.994e-03 1.665e-03 6.735e-03 -1.000 1.540e-02 -4.044 -1.274 1.682 1.683 -2.758
0.0152 0.01508 9.53908 1.4227430820 2.5321207047    1.241  3.380  3.5071  0.132    8  0.553  0.395   132.85    70.83    45.28    35.75    29.20  1 -1.05e-07      0.00 6.872e-01 2.974e-01 1.994e-03 1.665e-03 6.735e-03 -1.000 1.540e-02 -3.679 -1.492 1.048 1.062 -2.902
0.0152 0.01508 9.53908 1.4227437973 2.5321207047    1.240  3.188  3.5339  0.431    8  0.553  0.395    68.49    41.26    27.02    21.17    17.27  2  -4.8e-08      0.00 6.872e-01 2.974e-01 1.994e-03 1.665e-03 6.735e-03 -1.000 1.540e-02 -3.199 -1.763 -0.013 0.019 -3.017
0.0152 0.01508 9.53908 1.4227447510 2.5321207047    1.237  3.201  3.5318  0.408    8  0.554  0.395    71.94    42.98    28.10    22.03    17.97  2 -5.12e-08      0.00 6.872e-01 2.974e-01 1.994e-03 1.665e-03 6.735e-03 -1.000 1.540e-02 -3.233 -1.753 0.051 0.082 -3.020
0.0152 0.01508 9.53908 1.4227461815 2.5321209431    1.233  3.299  3.5179  0.254    8  0.554  0.395   100.86    56.74    36.63    28.84    23.54  2 -7.71e-08      0.00 6.872e-01 2.974e-01 1.994e-03 1.665e-03 6.735e-03 -1.000 1.540e-02 -3.476 -1.632 0.573 0.596 -2.983
0.0152 0.01508 9.53908 1.4227478504 2.5321209431    1.228  3.432  3.4988  0.043    8  0.555  0.395   162.76    83.05    52.70    41.72    34.09  1 -1.34e-07      0.00 6.872e-01 2.974e-01 1.994e-03 1.665e-03 6.735e-03 -1.000 1.540e-02 -3.809 -1.370 1.381 1.389 -2.816
0.0152 0.01508 9.53908 1.4227499962 2.5321211815    1.223  3.546  3.4822 -0.139    8  0.555  0.395   249.40   115.30    72.09    57.36    46.90  1 -2.13e-07      0.00 6.872e-01 2.974e-01 1.994e-03 1.665e-03 6.735e-03 -1.000 1.540e-02 -4.094 -1.232 1.752 1.752 -2.725
0.0152 0.01508 9.53908 1.4227523804 2.5321214199    1.216  3.619  3.4713 -0.259    8  0.556  0.395   332.43   142.97    88.51    70.67    57.81  1 -2.97e-07      0.00 6.872e-01 2.974e-01 1.994e-03 1.665e-03 6.735e-03 -1.000 1.540e-02 -4.278 -1.222 1.832 1.829 -2.733
0.0152 0.01508 9.53908 1.4227552414 2.5321216583    1.209  3.656  3.4654 -0.322    8  0.557  0.395   387.75   160.09    98.60    78.87    64.53  1 -4.47e-07      0.01 6.872e-01 2.974e-01 1.994e-03 1.665e-03 6.735e-03 -1.000 1.540e-02 -4.371 -1.225 1.869 1.865 -2.745
0.0152 0.01508 9.53908 1.4227583408 2.5321221352    1.200  3.672  3.4625 -0.353    8  0.558  0.395   417.19   168.80   103.69    83.03    67.94  1  -5.4e-07      0.01 6.872e-01 2.974e-01 1.994e-03 1.665e-03 6.735e-03 -1.000 1.540e-02 -4.410 -1.220 1.896 1.892 -2.744
0.0152 0.01508 9.53908 1.4227619171 2.5321223736    1.191  3.680  3.4624 -0.364    8  0.559  0.395   428.65   172.04   105.58    84.59    69.21  1 -5.97e-07      0.01 6.872e-01 2.974e-01 1.994e-03 1.665e-03 6.735e-03 -1.000 1.540e-02 -4.430 -1.233 1.888 1.885 -2.758
0.0152 0.01508 9.53908 1.4227620363 2.5321223736    1.191  3.569  3.4768 -0.196    8  0.559  0.395   283.96   126.83    78.91    62.94    51.46  1 -2.52e-07      0.00 6.872e-01 2.974e-01 1.994e-03 1.665e-03 6.735e-03 -1.000 1.540e-02 -4.152 -1.192 1.826 1.825 -2.694
0.0152 0.01508 9.53908 1.4227623940 2.5321223736    1.189  3.425  3.4976  0.030    8  0.559  0.395   166.40    84.24    53.38    42.33    34.57  1 -1.43e-07      0.00 6.872e-01 2.974e-01 1.994e-03 1.665e-03 6.735e-03 -1.000 1.540e-02 -3.793 -1.319 1.456 1.463 -2.769
0.0152 0.01508 9.53908 1.4227631092 2.5321223736    1.186  3.234  3.5253  0.331    8  0.560  0.395    84.32    48.87    31.74    24.96    20.36  2 -6.66e-08      0.00 6.872e-01 2.974e-01 1.994e-03 1.665e-03 6.735e-03 -1.000 1.540e-02 -3.316 -1.676 0.307 0.335 -2.983
0.0152 0.01508 9.53908 1.4227640629 2.5321226120    1.181  3.248  3.5231  0.307    8  0.560  0.395    88.84    50.99    33.05    26.02    21.22  2 -7.12e-08      0.00 6.872e-01 2.974e-01 1.994e-03 1.665e-03 6.735e-03 -1.000 1.540e-02 -3.349 -1.652 0.396 0.423 -2.972
0.0152 0.01508 9.53908 1.4227653742 2.5321226120    1.175  3.342  3.5089  0.154    8  0.560  0.395   125.06    67.18    43.00    33.99    27.75  1 -1.06e-07      0.00 6.872e-01 2.974e-01 1.994e-03 1.665e-03 6.735e-03 -1.000 1.540e-02 -3.585 -1.450 1.044 1.060 -2.851
0.0152 0.01508 9.53908 1.4227670431 2.5321228504    1.168  3.470  3.4895 -0.054    8  0.561  0.395   202.10    97.77    61.52    48.91    39.96  1  -1.8e-07      0.00 6.872e-01 2.974e-01 1.994e-03 1.665e-03 6.735e-03 -1.000 1.540e-02 -3.905 -1.193 1.740 1.742 -2.672
0.0152 0.01508 9.53908 1.4227689505 2.5321230888    1.160  3.579  3.4726 -0.235    8  0.562  0.395   310.15   135.13    83.78    66.96    54.74  1 -2.82e-07      0.00 6.872e-01 2.974e-01 1.994e-03 1.665e-03 6.735e-03 -1.000 1.540e-02 -4.178 -1.149 1.893 1.891 -2.658
0.0152 0.01508 9.53908 1.4227712154 2.5321233273    1.150  3.650  3.4613 -0.354    8  0.562  0.395   414.65   167.32   102.73    82.38    67.38  1 -4.99e-07      0.01 6.872e-01 2.974e-01 1.994e-03 1.665e-03 6.735e-03 -1.000 1.540e-02 -4.354 -1.153 1.966 1.962 -2.678
0.0152 0.01508 9.53908 1.4227738380 2.5321235657    1.138  3.685  3.4550 -0.419    8  0.563  0.395   486.24   187.68   114.61    92.10    75.35  1  -7.5e-07      0.01 6.872e-01 2.974e-01 1.994e-03 1.665e-03 6.735e-03 -1.000 1.540e-02 -4.443 -1.149 2.040 2.036 -2.686
0.0152 0.01508 9.53908 1.4227768183 2.5321238041    1.125  3.700  3.4517 -0.452    8  0.564  0.395   527.15   198.72   121.01    97.36    79.66  0 -9.14e-07      0.02 6.872e-01 2.974e-01 1.994e-03 1.665e-03 6.735e-03 -1.000 1.540e-02 -4.481 -1.139 2.091 2.087 -2.682
0.0152 0.01508 9.53908 1.4227801561 2.5321240425    1.112  3.708  3.4517 -0.465    8  0.566  0.395   543.16   202.78   123.33    99.31    81.25  0 -1.02e-06      0.03 6.872e-01 2.974e-01 1.994e-03 1.665e-03 6.735e-03 -1.000 1.540e-02 -4.500 -1.144 2.096 2.092 -2.689
0.0152 0.01508 9.53908 1.4227802753 2.5321240425    1.110  3.610  3.4643 -0.318    8  0.566  0.395   376.70   155.37    95.63    76.70    62.71  1 -3.73e-07      0.00 6.872e-01 2.974e-01 1.994e-03 1.665e-03 6.735e-03 -1.000 1.540e-02 -4.256 -1.102 1.992 1.989 -2.623
0.0152 0.01508 9.53908 1.4227806330 2.5321240425    1.107  3.469  3.4856 -0.093    8  0.566  0.395   218.77   103.32    64.77    51.64    42.18  1 -2.09e-07      0.00 6.872e-01 2.974e-01 1.994e-03 1.665e-03 6.735e-03 -1.000 1.540e-02 -3.903 -1.112 1.847 1.848 -2.598
0.0152 0.01508 9.53908 1.4227812290 2.5321242809    1.101  3.279  3.5143  0.210    8  0.566  0.395   108.68    59.68    38.35    30.33    24.74  1 -9.96e-08      0.00 6.872e-01 2.974e-01 1.994e-03 1.665e-03 6.735e-03 -1.000 1.540e-02 -3.427 -1.464 0.861 0.882 -2.836
0.0152 0.01508 9.53908 1.4227821827 2.5321242809    1.093  3.292  3.5117  0.183    8  0.566  0.395   115.27    62.52    40.08    31.74    25.89  1 -1.07e-07      0.00 6.872e-01 2.974e-01 1.994e-03 1.665e-03 6.735e-03 -1.000 1.540e-02 -3.460 -1.412 1.000 1.018 -2.798
0.0152 0.01508 9.53908 1.4227833748 2.5321242809    1.082  3.383  3.4968  0.028    8  0.567  0.395   164.12    82.56    52.26    41.56    33.92  1 -1.59e-07      0.00 6.872e-01 2.974e-01 1.994e-03 1.665e-03 6.735e-03 -1.000 1.540e-02 -3.688 -1.191 1.599 1.605 -2.644
0.0152 0.01508 9.53908 1.4227849245 2.5321245193    1.069  3.507  3.4766 -0.181    8  0.567  0.395   268.35   120.19    74.77    59.83    48.87  1 -2.67e-07      0.00 6.872e-01 2.974e-01 1.994e-03 1.665e-03 6.735e-03 -1.000 1.540e-02 -3.996 -1.036 1.979 1.977 -2.537
0.0152 0.01508 9.53908 1.4227868319 2.5321247578    1.053  3.611  3.4588 -0.364    8  0.568  0.395   417.13   166.47   102.03    82.07    67.09  1 -4.54e-07      0.01 6.872e-01 2.974e-01 1.994e-03 1.665e-03 6.735e-03 -1.000 1.540e-02 -4.258 -1.031 2.102 2.098 -2.558
0.0152 0.01508 9.53908 1.4227889776 2.5321249962    1.035  3.678  3.4466 -0.487    8  0.569  0.395   565.64   207.16   125.67   101.49    82.99  0 -9.78e-07      0.02 6.872e-01 2.974e-01 1.994e-03 1.665e-03 6.735e-03 -1.000 1.540e-02 -4.426 -1.025 2.267 2.261 -2.577
0.0152 0.01508 9.53908 1.4227913618 2.5321249962    1.015  3.712  3.4395 -0.558    8  0.570  0.395   673.68   234.15   141.21   114.32    93.50  0 -1.49e-06      0.05 6.872e-01 2.974e-01 1.994e-03 1.665e-03 6.735e-03 -1.000 1.540e-02 -4.510 -1.002 2.410 2.403 -2.569
0.0152 0.01508 9.53908 1.4227942228 2.5321254730    0.992  3.726  3.4355 -0.597    8  0.571  0.395   742.54   250.20   150.36   121.95    99.74  0 -1.87e-06      0.07 6.872e-01 2.974e-01 1.994e-03 1.665e-03 6.735e-03 -1.000 1.540e-02 -4.545 -0.960 2.538 2.530 -2.540
0.0152 0.01508 9.53908 1.4227973223 2.5321257114    0.967  3.733  3.4406 -0.595    8  0.572  0.395   733.89   247.41   148.67   120.67    98.67  0 -2.12e-06      0.09 6.872e-01 2.974e-01 1.994e-03 1.665e-03 6.735e-03 -1.000 1.540e-02 -4.562 -0.989 2.463 2.456 -2.566
0.0152 0.01508 9.53908 1.4227974415 2.5321257114    0.965  3.648  3.4460 -0.490    8  0.572  0.395   561.82   204.47   123.92   100.31    81.98  0 -9.07e-07      0.02 6.872e-01 2.974e-01 1.994e-03 1.665e-03 6.735e-03 -1.000 1.540e-02 -4.351 -0.951 2.345 2.340 -2.502
0.0152 0.01508 9.53908 1.4227977991 2.5321257114    0.959  3.509  3.4667 -0.270    8  0.572  0.395   326.10   137.28    84.69    68.17    55.66  1 -3.64e-07      0.00 6.872e-01 2.974e-01 1.994e-03 1.665e-03 6.735e-03 -1.000 1.540e-02 -4.003 -0.889 2.183 2.180 -2.406
0.0152 0.01508 9.53908 1.4227983952 2.5321257114    0.949  3.320  3.4951  0.028    8  0.572  0.395   160.33    79.86    50.47    40.32    32.87  1 -1.79e-07      0.00 6.872e-01 2.974e-01 1.994e-03 1.665e-03 6.735e-03 -1.000 1.540e-02 -3.529 -0.984 1.834 1.840 -2.443
0.0152 0.01508 9.53908 1.4227992296 2.5321259499    0.934  3.332  3.4881 -0.019    8  0.573  0.395   178.41    86.59    54.51    43.62    35.57  1 -1.94e-07      0.00 6.872e-01 2.974e-01 1.994e-03 1.665e-03 6.735e-03 -1.000 1.540e-02 -3.560 -0.834 2.091 2.092 -2.313
0.0152 0.01508 9.53908 1.4228004217 2.5321259499    0.915  3.420  3.4670 -0.201    8  0.573  0.395   273.40   119.58    74.15    59.67    48.68  1 -2.84e-07      0.00 6.872e-01 2.974e-01 1.994e-03 1.665e-03 6.735e-03 -1.000 1.540e-02 -3.780 -0.693 2.356 2.353 -2.206
0.0152 0.01508 9.53908 1.4228018522 2.5321261883    0.891  3.538  3.4396 -0.439    8  0.574  0.395   488.41   182.92   111.22    90.14    73.61  0 -4.62e-07      0.01 6.872e-01 2.974e-01 1.994e-03 1.665e-03 6.735e-03 -1.000 1.540e-02 -4.074 -0.669 2.658 2.651 -2.222
0.0152 0.01508 9.53908 1.4228036404 2.5321261883    0.864  3.637  3.4151 -0.650    8  0.574  0.395   828.31   265.67   158.73   129.51   105.83  0 -1.32e-06      0.04 6.872e-01 2.974e-01 1.994e-03 1.665e-03 6.735e-03 -1.000 1.540e-02 -4.323 -0.661 3.060 3.047 -2.258
0.0152 0.01508 9.53908 1.4228056669 2.5321264267    0.833  3.700  3.3986 -0.795    8  0.575  0.395  1199.14   342.11   201.93   165.59   135.36  0 -2.97e-06      0.30 6.872e-01 2.974e-01 1.994e-03 1.665e-03 6.735e-03 -1.000 1.540e-02 -4.481 -0.390 3.654 3.638 -2.045
0.0152 0.01508 9.53908 1.4228080511 2.5321266651    0.798  3.731  3.3911 -0.874    8  0.576  0.395  1465.30   390.43   228.86   188.33   153.95  0 -4.73e-06      0.50 6.872e-01 2.974e-01 1.994e-03 1.665e-03 6.735e-03 -1.000 1.540e-02 -4.558 -0.138 4.141 4.121 -1.836
0.0152 0.01508 9.53908 1.4228106737 2.5321269035    0.761  3.743  3.3918 -0.904    8  0.577  0.395  1571.77   406.98   237.86   196.21   160.34  0 -6.14e-06      0.74 6.872e-01 2.974e-01 1.994e-03 1.665e-03 6.735e-03 -1.000 1.540e-02 -4.587 0.212 4.733 4.706 -1.534
0.0152 0.01508 9.53908 1.4228136539 2.5321271420    0.722  3.748  3.4639 -0.644    8  0.578  0.395   792.25   250.80   149.63   122.79   100.19  0 -5.46e-06      0.54 6.872e-01 2.974e-01 1.994e-03 1.665e-03 6.735e-03 -1.000 1.540e-02 -4.600 -0.533 3.160 3.148 -2.188
#isochrone terminated
